0.1549283
0.9370239
0.822049
0.4501176
0.1419026
0.4909947
0.0866572
0.03624783
0.7509012
0.5452838
0.6084813
0.09383544
0.542468
0.4047226
0.203859
0.6826596
0.9489053
0.8348675
0.9180519
0.6217481
0.1065075
0.4496824
0.4608559
0.07717585
0.7097456
0.5536679
0.6426767
0.8790455
0.5576631
0.7218125
0.1797068
0.4718628
0.5233849
0.4855791
0.8151735
0.898601
0.7510429
0.3179795
0.004672387
0.8515666
0.8780644
0.3248393
0.8934778
0.05365834
0.2144609
0.3417935
0.9287401
0.9689032
0.5696011
0.901783
0.1006485
0.672133
0.2590312
0.40691
0.6195709
0.5836691
0.6615049
0.1495109
0.8642011
0.7992458
0.6770566
0.724646
0.0425068
0.8022441
0.4706843
0.5908013
0.3781597
0.8810507
0.712891
0.8378821
0.64249
0.2338985
0.4097941
0.4516085
0.204363
0.775546
0.1123941
0.433866
0.4357906
0.9389805
0.812206
0.599173
0.6093346
0.07096052
0.2026351
0.1622888
0.6420717
0.42747
0.2101318
0.8666806
0.5990409
0.3405681
0.2250771
0.3224903
0.6642746
0.5643439
0.5259387
0.1491093
0.4859733
0.9959143
