0.3742424
0.09321398
0.5076311
0.9935259
0.4545246
0.7001908
0.4997784
0.5429124
0.08468946
0.7091331
0.01488503
0.01001196
0.2692501
0.7224818
0.3052623
0.6096486
0.9842697
0.9279752
0.7877255
0.8907511
0.1406854
0.9326315
0.6628178
0.08629258
0.9082446
0.9438613
0.2725995
0.7584418
0.1506225
0.4983241
0.2316853
0.2619627
0.2408249
0.2772287
0.3016521
0.6711536
0.7668569
0.007747231
0.05268903
0.7050692
0.4961875
0.6532733
0.858662
0.1361509
0.2548413
0.6356225
0.5688271
0.4121902
0.9158454
0.2248861
0.5406403
0.675397
0.8729448
0.7369943
0.8475109
0.9703081
0.8139437
0.8277576
0.4868524
0.2333309
0.05673759
0.5485172
0.8947785
0.7250561
0.592782
0.8433623
0.6709983
0.3295716
0.7076021
0.383447
0.3618677
0.1361959
0.758832
0.3433979
0.5349235
0.8051193
0.867969
0.4163137
0.4906191
0.3795429
0.980392
0.006342468
0.5451525
0.7157687
0.1746766
0.7014868
0.4436783
0.1454569
0.4906616
0.08281426
0.866324
0.7377035
0.3807383
0.6728147
0.7555963
0.2598948
0.08967732
0.06914829
0.5239936
0.4538964
