1.514555503717049589e+01
8.741747771555617774e+00
1.323989402677904081e+01
2.595547024280645942e+01
9.217767546631225883e+00
6.407780310056842232e+00
7.974579350233462982e+00
8.158204002423216750e+00
1.451594454490693487e+01
2.293557602746874124e+01
9.627130021013954320e+00
1.154776011851279094e+01
9.076635579795894415e+00
8.647983056137494629e+00
8.500071928808074162e+00
1.592332878607964464e+00
1.803321992499054716e+01
1.192208147030576448e+01
1.334908907323182881e+01
9.161911106953942507e+00
1.235844415866048962e+01
1.205724995449465986e+01
3.908009137833655000e+00
8.510837002909402926e+00
1.474270395554605173e+01
2.300752837498889392e+01
9.436350066524664015e+00
2.040043869557678846e+01
1.072521893981119412e+01
1.274850478127526543e+01
1.158645720671594859e+01
1.831009875095304196e+01
1.939905748978954492e+01
7.733521901153732614e+00
9.883087702846369282e+00
5.285803883088163957e+00
1.563335513932602439e+01
1.156395511839620482e+01
1.791607087693740397e+01
2.773281486869956680e+01
3.109680882615158382e+01
1.235203747890902370e+01
2.943408140033382736e+01
7.505126865080590903e+00
3.539801867265929047e+01
1.458349762461596200e+01
1.257535021661485075e+01
3.815963612979128072e+01
9.583191245255852309e+00
1.698245425621376370e+01
1.707351258484491652e+01
2.079503872178155888e+01
2.157601522557988005e+01
2.220763339624118871e+01
1.169490854750968545e+01
1.735867158304673907e+01
1.165536483856670813e+01
2.072136250765592536e+01
1.761454968593761095e+01
3.599546562668663086e+01
1.783125732859534551e+01
2.397043381657207206e+01
1.828076191665585171e+01
1.318310899289205018e+01
1.098099062041887919e+01
1.808798242580396121e+01
1.293994484463140004e+01
1.863380618197914274e+01
1.887213913313421187e+01
1.551845506860595769e+01
1.259685180957698059e+01
1.302535995630866239e+01
2.425153510909490961e+01
1.444795481290791628e+01
1.197712432605828070e+01
1.133618768032796886e+01
7.944529624080860941e+00
1.970761851204615311e+01
2.173652751019390195e+01
2.136866637909043476e+01
