0.756063
0.1044217
0.4423065
0.1292708
0.7950364
0.2051911
0.06519173
0.8341215
0.04322822
0.2583843
0.3618667
0.167535
0.2430932
0.875426
0.3910024
0.5385645
0.9200893
0.3603351
0.8503882
0.8443311
0.1920043
0.5155744
0.7306599
0.7526124
0.8271892
0.5500556
0.7981548
0.188919
0.8229088
0.8488808
0.575884
0.9921927
0.6538478
0.6619421
0.4132746
0.9336907
0.00148366
0.946764
0.8839162
0.06825701
0.7104562
0.1502655
0.2222295
0.2502869
0.4494738
0.7371453
0.08708839
0.2984307
0.124153
0.3184564
0.1116816
0.03028868
0.6654968
0.6540108
0.1765056
0.5893272
0.5124296
0.000869876
0.1376528
0.2423756
0.4744291
0.4740255
0.06124943
0.1661332
0.2816415
0.4985955
0.06876867
0.1488357
0.5129002
0.7013837
0.4719939
0.9415375
0.1474705
0.4192569
0.08475086
0.08127202
0.9341421
0.5652845
0.3966738
0.9237322
0.7429557
0.04557353
0.7293751
0.5104086
0.3842946
0.8052913
0.6013712
0.7594943
0.9356587
0.7638464
0.4512544
0.8682855
0.4801277
0.264435
0.5413451
0.4981723
0.918981
0.3445449
0.6920231
0.2181179
