0.05187378
0.04187378
0.03687378
0.03354044
0.03104044
0.02904044
0.02737378
0.0259452
0.0246952
0.02358409
0.02258409
0.021675
0.02084167
0.02007244
0.01935815
0.01869149
0.01806649
0.01747825
0.01692269
0.01639638
0.01589638
0.01542019
0.01496564
0.01453086
0.01411419
0.01371419
0.01332958
0.01295921
0.01260206
0.01225724
0.0119239
0.01160132
0.01128882
0.01098579
0.01069168
0.01040596
0.01012818
0.009857913
0.009594755
0.009338345
0.009088345
0.008844442
0.008606347
0.008373789
0.008146516
0.007924294
0.007706903
0.007494137
0.007285803
0.007081722
0.006881722
0.006685643
0.006493336
0.006304656
0.006119471
0.005937653
0.005759082
0.005583643
0.005411229
0.005241738
0.005075071
0.004911137
0.004749846
0.004591116
0.004434866
0.00428102
0.004129505
0.003980251
0.003833192
0.003688265
0.003545408
0.003404563
0.003265674
0.003128687
0.002993552
0.002860219
0.00272864
0.00259877
0.002470565
0.002343982
0.002218982
0.002095526
0.001973574
0.001853092
0.001734045
0.001616398
0.001500119
0.001385176
0.00127154
0.00115918
0.001048069
0.000938179
0.0008294834
0.0007219565
0.0006155735
0.0005103104
0.0004061437
0.0003030509
0.0002010101
1e-04
