0.9637266
0.04605185
0.4322657
0.5202897
0.5338361
0.8738727
0.09812545
0.1072506
0.4802446
0.1116665
0.3997408
0.5703962
0.7905295
0.18795
0.3210786
0.05265362
0.6510804
0.6859647
0.2504583
0.9715974
0.9965132
0.9650007
0.8396178
0.01153634
0.8241085
0.5705607
0.8916441
0.9898186
0.02171054
0.4520954
0.5173436
0.3213545
0.4318341
0.07227406
0.6831295
0.7471375
0.4604287
0.1191315
0.5165425
0.8514315
0.5406495
0.5434546
0.6536735
0.9742366
0.9090588
0.2421585
0.5149032
0.31262
0.9522453
0.2016267
0.6186703
0.5870625
0.03526676
0.2512622
0.9927782
0.3056067
0.1807481
0.1648787
0.6522693
0.7137842
0.5635275
0.05301328
0.8224997
0.6836336
0.1729006
0.686982
0.5008325
0.5849823
0.04431853
0.2319728
0.9048816
0.5055597
0.7486143
0.3155823
0.03997501
0.7048532
0.1786596
0.08770041
0.5769409
0.1323291
0.7359869
0.06453158
0.725333
0.6861223
0.4271655
0.4564774
0.2601563
0.7834358
0.6427798
0.4389767
0.664441
0.1810104
0.8676756
0.4020215
0.365597
0.9412174
0.03757795
0.6965897
0.7982932
0.5723533
