0.008112368
0.2893471
0.6193032
0.340344
0.3624947
0.7315429
0.1053125
0.44682
0.7964364
0.3896069
0.06020832
0.1006393
0.5055898
0.8185686
0.961107
0.05859197
0.9586314
0.07740491
0.1842986
0.3740007
0.204258
0.5074012
0.8910757
0.2184679
0.5972748
0.703069
0.6478367
0.04873802
0.3389405
0.7878917
0.2379978
0.2501372
0.8391382
0.2916741
0.2635757
0.2969634
0.9348495
0.2418194
0.6503374
0.9608332
0.9465444
0.3231665
0.8078725
0.1343836
0.9636108
0.757211
0.7871463
0.4899067
0.4601047
0.2079187
0.6182286
0.2064298
0.3954356
0.4240707
0.8306004
0.4825384
0.9748694
0.6754404
0.1634935
0.782607
0.9670286
0.3098519
0.2530487
0.4150325
0.1708334
0.2265734
0.03002504
0.07062138
0.4627553
0.693499
0.7421701
0.6399769
0.8439647
0.2824395
0.2033343
0.3569735
0.8990189
0.730192
0.8116653
0.9453724
0.5824397
0.2655302
0.5641789
0.8127081
0.03149379
0.617136
0.8858265
0.6676705
0.8087687
0.4041551
0.7950575
0.2806621
0.8620349
0.2066499
0.7023626
0.2634532
0.3464964
0.3566732
0.9103497
0.9254764
