0.07010184
0.6537966
0.7822359
0.5173827
0.2011073
0.9342617
0.2665262
0.9354768
0.4070908
0.2496863
0.8166403
0.7999119
0.1124283
0.68134
0.1717275
0.496105
0.4057163
0.4961579
0.485396
0.8714124
0.7969434
0.543089
0.2057265
0.1380464
0.05954466
0.8108828
8.378364e-05
0.06815553
0.6268413
0.9250784
0.3027587
0.73744
0.3269495
0.5180728
0.375072
0.5521244
0.2277602
0.164208
0.08591622
0.5854539
0.6314491
0.8691744
0.8490636
0.7862883
0.6158351
0.2385252
0.9129842
0.2962014
0.1474447
0.3358014
0.6011646
0.07432694
0.1091761
0.04298325
0.7855571
0.3453188
0.6269531
0.9728074
0.0337238
0.08864191
0.9529344
0.947115
0.660674
0.1633252
0.7181804
0.7855195
0.212521
0.2729132
0.8855842
0.4175297
0.8419875
0.6976709
0.6491853
0.2047135
0.2544127
0.1047594
0.2189621
0.5161444
0.9423894
0.7743311
0.4779529
0.3771349
0.271523
0.7155554
0.228916
0.14272
0.4871356
0.4024559
0.5578851
0.01430968
0.2055402
0.2217471
0.9182234
0.9328256
0.1847852
0.6292859
0.6106163
0.1867664
0.3182584
0.2122016
