0.4763482
0.5175209
0.9889218
0.117927
0.03371848
0.4577003
0.2018879
0.2800328
0.9654035
0.9578868
0.90494
0.4366061
0.2767827
0.01555184
0.9238744
0.8120132
0.9891321
0.5515813
0.04861996
0.4072914
0.3685077
0.8904991
0.2279234
0.5035869
0.8399087
0.4636179
0.7606368
0.2012969
0.8369492
0.9418214
0.04741153
0.7298946
0.54552
0.4283106
0.3462773
0.9958317
0.2198389
0.2651954
0.6769941
0.3900194
0.4323385
0.2108549
0.1963666
0.4716432
0.3819971
0.524635
0.2538629
0.01978512
0.251165
0.2607974
0.9900061
0.3964629
0.1513735
0.1237109
0.9327339
0.08839821
0.09685381
0.536949
0.5356779
0.3149273
0.6457986
0.05684087
0.1200653
0.6880129
0.9365086
0.5244184
0.7073754
0.8781773
0.6545117
0.3314058
0.3892468
0.2173312
0.3658291
0.3252253
0.9555116
0.2145748
0.4590601
0.6886024
0.8701971
0.4991895
0.2226997
0.7776575
0.128202
0.6694111
0.5247237
0.05558534
0.9543963
0.2456536
0.9547455
0.5423056
0.5629653
0.5147962
0.1314701
0.1112711
0.1659028
0.001938387
0.009394204
0.455253
0.6435381
0.4134903
