1 1 1 1 1 1 1 1 1 1 1 1 1 1 1 1 1 1 1 1 1 1 1 1 1 1 1 1 1 1 1 1 1 1 1 1 1 1 1 1 1 1 1 1 1 1 1 1 1 1
1 1 1 1 1 1 1 1 1 1 1 1 1 1 1 1 2 1 1 1 1 1 1 1 1 1 1 1 1 1 1 1 1 1 1 1 1 1 1 1 1 0 1 1 1 1 1 1 1 1
1 1 1 1 1 0 1 3 0 1 1 2 1 1 3 1 2 1 2 1 2 0 0 1 1 1 1 0 1 0 1 1 1 1 1 2 1 1 1 1 1 0 1 1 0 1 1 1 0 1
0 1 3 1 1 0 1 3 0 1 1 2 1 1 3 1 2 2 2 2 2 0 0 1 2 1 2 0 1 0 0 1 0 1 1 1 2 1 0 1 0 0 1 1 0 1 1 1 0 0
0 1 5 1 1 0 1 2 0 0 0 2 1 0 2 2 2 1 2 2 2 0 0 1 1 1 1 0 1 0 0 1 0 0 2 2 4 1 0 3 0 0 1 1 0 1 1 1 0 0
0 1 3 1 2 0 1 2 0 0 0 2 1 0 2 1 3 0 1 3 2 0 0 3 1 1 2 0 1 0 0 0 0 0 2 2 3 1 0 3 0 0 2 2 0 0 0 2 0 0
0 0 3 2 2 0 0 2 0 0 0 3 1 0 2 2 3 0 1 3 2 0 0 2 1 1 2 0 1 0 0 0 0 0 2 2 1 1 0 2 0 0 2 3 0 0 0 4 0 0
0 0 4 3 2 0 0 2 0 0 0 3 1 0 1 2 2 0 1 3 2 1 0 2 1 1 2 0 1 0 0 0 0 1 1 2 1 1 0 1 0 0 1 5 0 0 0 3 0 0
0 0 5 3 2 0 0 3 0 0 0 1 1 0 1 3 2 0 1 2 2 1 0 2 1 2 3 0 1 0 0 0 0 2 2 1 0 1 0 1 0 0 1 4 0 0 0 2 0 0
0 0 4 3 2 0 0 3 0 0 0 2 1 0 1 3 1 0 0 2 2 1 0 1 2 3 4 0 1 0 0 0 0 2 2 1 0 1 0 1 0 0 2 5 0 0 0 0 0 0
0 0 2 3 1 0 0 2 0 0 0 3 1 0 1 3 2 0 1 1 3 0 0 1 2 2 5 0 1 0 0 0 0 2 3 2 0 3 0 1 0 0 2 3 0 0 0 0 0 0
0 0 2 3 1 0 0 1 0 0 0 6 1 0 1 3 4 0 0 1 2 0 0 1 2 1 5 0 1 0 0 0 0 2 3 3 0 2 0 1 0 0 3 1 0 0 0 0 0 0
0 0 1 3 0 0 1 2 0 0 0 6 1 0 1 1 3 0 0 2 3 0 0 2 2 3 2 0 1 0 0 0 0 2 3 4 0 2 0 1 0 0 3 1 0 0 0 0 0 0
0 0 0 1 0 0 1 2 0 0 0 6 1 0 1 1 4 0 0 4 1 0 0 5 1 2 2 0 3 0 0 0 0 2 2 3 0 2 0 2 0 0 3 1 0 0 0 0 0 0
0 0 0 1 0 0 0 1 0 0 0 5 1 0 1 0 5 0 0 4 1 0 0 8 1 2 2 1 4 0 0 0 0 1 4 3 0 1 0 1 0 0 3 0 0 0 0 0 0 0
0 0 0 1 0 0 1 1 0 0 0 2 1 0 1 0 7 0 0 1 1 0 0 10 1 2 1 1 3 0 0 0 0 1 3 3 0 1 0 1 0 0 6 0 0 0 1 0 0 0
0 0 0 1 0 0 0 0 0 0 0 3 1 0 1 0 9 0 0 1 1 0 0 12 0 2 1 1 2 0 0 0 1 0 3 4 0 0 0 1 0 0 4 1 0 0 1 0 0 0
0 0 0 1 0 0 0 0 0 0 0 2 1 0 5 0 6 0 0 1 0 0 0 12 0 3 1 1 2 0 0 0 2 0 2 4 0 0 0 0 0 0 5 1 0 0 1 0 0 0
0 0 0 1 0 0 0 0 0 0 0 2 1 0 6 0 10 0 0 1 0 0 0 9 0 2 1 0 0 0 0 0 2 0 2 5 0 0 0 0 0 0 6 1 0 0 1 0 0 0
0 0 0 1 0 0 0 0 0 0 0 0 1 0 5 0 8 0 0 1 0 0 0 9 0 2 1 0 0 0 0 0 4 0 3 5 0 0 0 0 0 0 8 1 0 0 1 0 0 0
0 0 0 1 0 0 0 0 0 0 0 0 1 0 5 0 9 0 0 2 0 0 0 10 0 1 2 0 0 0 0 0 3 0 3 4 0 0 0 0 0 0 7 1 0 0 1 0 0 0
0 0 0 1 0 0 0 0 0 0 0 0 0 0 6 0 8 0 0 1 0 0 0 10 0 1 2 0 0 0 0 0 4 0 3 5 0 0 0 0 0 0 6 1 0 0 1 0 0 1
0 0 0 1 0 0 0 0 0 0 0 0 0 0 5 0 6 0 0 0 0 0 0 10 0 1 2 0 0 0 0 0 6 0 5 5 0 0 0 0 0 0 6 1 0 0 1 0 0 1
0 0 0 1 0 0 0 0 0 0 0 0 0 0 2 0 7 0 0 0 0 0 0 8 0 1 2 0 0 0 0 0 6 0 4 7 0 0 0 0 0 0 6 1 0 0 2 0 0 3
0 0 0 1 0 0 0 0 0 1 0 0 0 0 1 0 6 0 0 0 0 0 0 7 0 1 2 0 0 0 0 0 7 0 3 8 0 0 0 0 0 0 8 1 0 0 2 0 0 2
0 0 0 1 0 0 0 0 0 0 0 0 0 0 0 0 7 0 0 0 0 0 0 8 0 1 1 0 0 0 0 0 8 0 3 8 0 0 0 0 1 0 7 2 0 0 2 0 0 1
0 0 0 1 0 0 0 0 0 0 0 0 0 0 0 0 5 0 0 0 0 0 0 9 0 1 1 0 0 0 0 0 9 0 2 9 0 0 0 0 1 0 6 3 0 0 2 0 0 1
0 0 0 2 0 0 0 0 0 0 0 0 0 0 0 0 6 0 0 0 0 0 1 8 0 1 1 0 0 0 0 0 7 0 2 7 0 0 0 0 0 0 6 4 0 0 4 0 0 1
0 1 0 1 0 0 0 0 0 0 0 0 0 0 0 0 6 0 0 0 0 0 1 10 0 1 0 0 0 0 0 0 6 0 2 10 0 0 0 0 0 0 5 3 0 0 3 0 0 1
0 1 0 1 0 1 0 0 0 0 0 0 0 0 0 0 4 0 0 0 0 0 1 10 0 1 0 0 0 0 0 0 5 0 2 9 0 0 0 0 0 0 7 4 0 0 3 0 0 1
0 1 0 1 0 1 0 0 0 0 0 0 0 0 0 0 4 0 0 0 0 0 1 10 0 1 0 0 0 0 0 0 6 0 3 7 0 0 0 0 0 0 5 7 0 0 2 0 0 1
0 1 0 1 0 1 0 0 0 0 0 0 0 0 0 0 5 0 0 0 0 0 0 10 0 1 0 0 0 0 0 0 5 0 3 8 0 0 0 0 0 0 5 6 0 0 2 0 0 2
0 0 0 1 0 0 0 0 0 0 0 0 0 0 0 0 4 0 0 0 0 0 0 13 0 1 0 0 1 0 0 0 6 0 2 9 0 0 0 0 0 0 4 6 0 0 2 0 0 1
0 0 0 1 0 0 0 0 0 0 0 0 0 0 0 0 4 0 0 0 0 0 0 10 0 1 1 0 1 0 0 0 4 0 4 8 0 0 0 0 0 0 6 5 0 0 3 0 0 2
0 0 0 1 0 0 0 0 0 0 0 0 0 0 0 0 4 0 0 0 0 0 0 12 0 0 1 0 1 0 0 0 3 0 5 5 0 0 0 0 0 0 6 6 0 0 3 0 0 3
0 0 0 1 0 0 0 0 0 0 0 0 0 0 0 0 4 0 0 0 0 0 0 11 0 0 1 0 1 0 0 0 3 0 7 5 0 0 0 0 0 0 3 9 0 0 3 0 0 2
0 0 0 1 0 0 0 0 0 0 0 0 0 0 0 0 4 0 0 0 0 0 0 8 0 0 1 0 1 0 0 0 3 0 10 4 0 0 0 0 0 0 3 9 0 0 3 0 0 3
0 0 0 1 0 0 0 0 0 0 0 0 0 0 0 0 7 0 0 0 0 0 0 9 0 0 1 0 0 0 0 0 2 0 8 7 0 0 0 0 0 0 2 8 0 0 3 0 0 2
0 2 0 2 0 0 0 0 1 0 0 0 0 0 0 0 4 0 0 0 0 0 0 11 0 0 1 0 0 0 0 0 5 0 5 5 0 0 0 0 0 0 2 7 0 0 3 0 0 2
0 1 0 2 0 0 0 0 1 0 0 0 0 0 0 0 3 0 0 0 0 0 0 10 0 0 1 0 0 0 0 0 7 0 4 5 0 0 0 0 1 0 3 8 0 0 2 0 0 2
0 1 0 2 0 0 0 0 0 0 0 0 0 0 0 0 4 0 0 0 0 0 0 11 0 0 1 0 0 0 0 0 8 0 3 5 0 0 0 0 0 0 2 8 0 0 2 0 0 3
0 1 0 4 0 0 0 0 0 0 0 0 0 0 0 0 4 0 0 0 0 0 0 12 0 0 1 0 0 0 0 0 8 0 3 5 0 0 0 0 0 0 3 6 0 0 1 0 0 2
0 1 0 3 0 0 0 0 0 0 0 0 0 0 0 0 4 0 1 0 0 0 0 15 0 0 1 0 0 0 0 0 6 0 3 3 0 0 0 0 0 0 4 7 0 0 0 0 0 2
0 3 0 4 0 0 0 0 0 0 0 0 0 0 0 1 4 0 1 1 0 0 0 14 0 0 1 0 0 0 0 0 4 0 2 2 0 0 0 0 0 0 4 7 0 0 0 0 0 2
0 4 0 5 0 0 0 0 0 0 0 0 0 0 0 2 5 0 0 1 0 0 0 13 0 0 1 0 0 0 0 0 4 0 2 2 0 0 0 0 0 0 4 7 0 0 0 0 0 0
0 4 0 5 0 0 0 0 0 0 0 0 0 0 0 2 4 0 0 1 0 0 0 15 0 0 0 0 0 0 0 0 4 0 1 2 0 0 0 0 0 0 4 8 0 0 0 0 0 0
0 4 0 6 0 0 0 0 0 0 0 0 0 0 0 3 5 0 0 1 0 0 0 16 0 0 0 0 0 0 0 0 3 0 1 3 0 0 0 1 0 0 3 4 0 0 0 0 0 0
0 6 0 5 0 0 0 0 0 0 0 0 0 0 1 3 4 0 0 0 0 0 0 15 0 0 0 0 0 0 0 0 2 0 3 4 0 0 0 1 0 0 2 4 0 0 0 0 0 0
0 3 0 4 0 0 0 0 1 0 0 0 0 0 0 5 5 0 0 0 0 0 0 15 0 0 0 0 0 0 0 0 3 0 2 3 0 0 0 1 0 0 4 4 0 0 0 0 0 0
0 3 0 4 0 0 0 0 0 0 0 0 0 0 0 6 5 0 0 0 0 0 0 15 0 0 0 0 0 0 0 0 2 0 2 4 0 0 0 1 0 0 4 4 0 0 0 0 0 0
0 6 0 4 0 0 0 0 0 0 0 0 0 0 0 5 5 0 0 0 0 0 0 16 0 0 0 0 0 0 0 0 2 0 1 2 0 0 0 1 0 0 5 3 0 0 0 0 0 0
0 5 0 3 0 0 0 0 0 0 0 0 0 0 0 5 4 0 1 1 0 0 0 16 0 0 0 0 0 0 0 0 1 0 1 2 0 0 0 2 0 0 5 4 0 0 0 0 0 0
0 3 0 4 0 0 0 0 0 0 0 0 0 0 0 6 5 0 1 1 0 0 0 17 0 0 0 1 0 0 0 0 1 0 2 2 0 0 0 1 0 0 3 3 0 0 0 0 0 0
0 3 0 3 0 0 0 0 0 0 0 0 0 0 0 6 5 0 2 1 0 0 0 17 0 0 0 1 0 0 0 0 1 0 1 3 0 0 0 3 0 0 2 2 0 0 0 0 0 0
0 2 0 3 0 0 0 0 0 0 0 0 0 0 0 5 6 0 3 1 1 0 0 18 0 0 0 0 0 0 0 0 1 0 1 4 0 0 0 1 0 0 1 2 0 0 1 0 0 0
0 0 0 3 0 0 0 0 0 0 0 0 0 0 0 4 9 0 3 1 1 0 0 18 0 0 0 0 0 0 0 0 2 0 0 3 0 0 0 1 0 0 1 3 0 0 1 0 0 0
0 0 0 5 0 0 0 0 0 0 0 0 0 0 0 3 7 0 3 0 2 0 0 20 0 0 0 0 0 0 0 0 2 0 0 2 0 0 0 1 0 0 0 4 0 0 1 0 0 0
0 0 0 5 0 0 0 0 0 0 0 0 0 0 0 5 7 0 2 0 1 0 0 19 0 0 0 0 0 0 0 0 2 0 0 2 0 0 0 1 0 0 0 4 0 1 1 0 0 0
0 0 0 4 0 0 0 0 0 0 0 0 0 0 0 5 7 0 2 0 1 0 0 20 0 0 0 0 0 0 0 0 2 0 0 2 0 0 0 1 0 0 0 4 0 1 1 0 0 0
0 0 0 4 0 0 0 0 0 0 0 0 0 0 0 6 7 0 2 0 1 0 0 21 0 0 0 0 0 0 0 0 1 0 0 1 0 0 0 1 0 0 0 4 0 2 0 0 0 0
0 0 0 3 0 0 1 0 0 0 0 0 0 0 0 3 7 0 1 0 1 0 0 23 0 0 0 0 0 0 0 0 1 0 0 1 0 0 0 1 0 0 0 4 0 4 0 0 0 0
0 0 0 2 0 0 0 0 0 0 0 0 0 0 0 3 6 0 1 0 1 0 0 25 0 0 0 0 0 0 0 0 0 0 0 1 0 0 0 1 0 0 1 4 0 5 0 0 0 0
0 0 0 1 0 0 0 0 0 0 0 0 0 0 0 2 5 0 1 0 1 0 0 28 0 0 0 0 0 0 0 0 0 0 0 1 0 0 0 1 0 0 1 4 0 5 0 0 0 0
0 0 0 1 0 0 0 0 0 0 0 0 0 0 0 3 4 1 1 0 1 0 0 28 0 0 0 0 0 0 0 0 0 0 0 1 0 0 0 0 0 0 1 5 0 4 0 0 0 0
0 0 0 2 0 0 0 0 0 0 0 0 0 0 0 3 5 1 1 0 1 0 0 27 0 0 0 0 0 0 0 0 0 0 0 1 0 0 0 0 0 0 0 4 0 5 0 0 0 0
1 0 0 3 0 0 0 0 0 0 0 0 0 0 0 1 5 1 1 0 0 1 0 27 0 0 0 0 0 0 0 0 0 0 0 4 0 0 0 0 0 0 0 4 0 2 0 0 0 0
1 0 0 5 0 0 0 0 0 0 0 0 0 0 0 2 5 1 2 0 0 1 0 24 0 0 0 0 0 0 0 0 0 0 0 2 0 0 0 0 0 0 0 5 0 2 0 0 0 0
1 0 0 4 0 0 0 1 0 0 0 0 0 0 0 2 5 2 1 0 0 1 0 25 0 0 0 0 0 0 0 0 0 0 0 1 0 0 0 0 0 0 0 5 0 2 0 0 0 0
1 0 0 4 0 0 0 1 0 1 0 0 0 0 0 2 3 2 0 0 0 1 0 23 0 0 0 0 0 0 0 0 1 0 0 2 0 0 1 0 0 0 0 6 0 2 0 0 0 0
1 0 0 4 0 0 0 1 0 0 0 0 0 0 0 2 3 3 0 0 0 1 0 21 0 0 0 0 0 0 0 0 1 0 0 2 0 0 3 0 0 0 0 4 0 4 0 0 0 0
0 0 0 3 0 0 0 0 0 0 0 0 0 0 0 2 4 4 0 0 0 1 0 25 0 0 0 0 0 0 0 0 1 0 0 1 0 0 2 0 0 0 0 5 0 2 0 0 0 0
0 0 0 2 0 1 0 0 0 0 0 0 0 0 0 3 3 3 0 0 0 2 0 26 1 0 0 0 0 0 0 0 1 0 0 1 0 0 2 0 0 0 0 2 0 3 0 0 0 0
0 1 0 2 0 1 0 0 0 1 0 0 0 0 0 2 5 2 0 0 0 2 0 24 1 0 0 0 0 0 0 0 2 0 0 1 0 0 2 0 0 0 0 2 0 2 0 0 0 0
0 1 0 1 0 1 0 0 0 1 0 0 0 0 0 2 5 2 0 0 0 1 0 26 0 1 0 0 0 0 0 0 1 0 0 1 0 0 2 0 0 0 0 2 0 2 0 0 0 1
0 1 0 1 0 0 0 0 0 0 0 0 0 0 0 2 6 2 0 0 0 1 0 25 0 2 0 0 0 0 0 0 1 0 0 2 0 0 2 0 0 0 0 1 0 3 0 0 0 1
0 1 0 0 0 0 0 0 0 0 0 0 0 0 0 1 8 1 0 0 0 1 0 26 0 2 0 0 0 0 0 0 1 0 0 2 0 0 2 0 0 0 0 1 0 2 0 0 0 2
0 1 0 0 0 0 0 0 0 0 0 0 0 0 0 1 8 1 0 0 0 0 0 32 0 0 0 0 1 0 0 0 1 0 0 2 0 0 1 0 0 0 0 1 0 1 0 0 0 0
0 1 0 0 0 0 0 0 0 0 0 0 0 0 0 1 10 1 0 0 0 0 0 32 0 0 0 0 0 0 0 0 1 0 0 2 0 0 0 0 0 0 0 2 0 0 0 0 0 0
0 0 0 0 0 0 0 0 0 0 0 0 0 0 0 1 10 0 0 0 0 0 0 32 0 0 0 0 0 0 0 0 2 1 0 2 0 0 0 0 0 0 0 2 0 0 0 0 0 0
0 0 0 0 0 0 0 0 0 0 0 0 0 0 0 1 7 0 0 0 0 0 0 34 0 0 0 0 0 0 0 0 3 2 0 1 0 0 0 0 0 0 0 2 0 0 0 0 0 0
0 0 0 0 0 0 0 0 0 0 0 0 0 0 0 1 4 0 0 0 0 0 0 35 0 0 0 0 0 1 0 0 2 3 0 1 0 0 0 0 0 0 0 2 0 0 0 1 0 0
1 0 0 0 0 0 0 0 0 0 0 0 0 0 0 2 4 0 0 0 0 0 0 33 0 0 0 0 0 0 0 0 2 4 0 1 0 0 0 0 0 0 0 2 0 0 0 1 0 0
1 0 0 0 0 0 0 0 0 1 0 0 0 0 0 1 2 0 0 0 0 0 0 35 0 0 0 0 0 0 0 0 2 4 0 1 0 0 0 0 0 0 0 2 0 0 0 1 0 0
1 0 0 0 0 0 0 0 0 2 0 0 0 0 0 1 2 0 0 0 0 0 0 33 0 0 0 0 0 0 0 0 1 4 0 1 0 0 0 0 0 0 0 3 0 0 0 2 0 0
2 0 0 0 0 0 0 0 0 2 0 0 0 0 0 1 2 0 0 0 0 0 0 31 0 0 0 0 0 0 0 0 1 4 0 0 0 0 0 0 0 0 0 5 0 0 0 2 0 0
3 0 0 0 0 0 0 0 0 1 0 0 0 0 0 0 2 0 0 0 0 0 0 33 0 0 0 0 0 0 0 0 1 4 0 0 0 0 0 0 0 0 0 3 0 0 0 3 0 0
2 0 0 0 0 0 0 0 0 1 0 0 0 0 0 0 3 0 0 0 0 0 0 33 0 0 0 0 0 0 0 0 1 4 0 0 0 0 0 0 0 0 0 3 0 0 0 3 0 0
1 0 0 0 0 0 0 0 0 0 0 0 0 0 0 0 3 0 0 0 0 0 0 32 0 0 0 0 0 0 0 0 2 5 0 0 0 1 0 0 0 0 0 3 0 0 0 3 0 0
2 0 1 0 0 0 0 0 0 0 0 0 0 0 0 0 3 1 0 0 0 0 0 31 0 0 0 0 0 0 0 0 2 5 0 0 0 1 0 0 0 0 0 1 0 0 0 3 0 0
2 1 1 0 0 0 0 0 0 0 0 0 0 0 0 0 3 1 0 0 0 0 0 29 0 0 0 0 0 0 0 0 2 4 0 0 0 1 0 0 0 0 0 1 0 0 0 5 0 0
3 1 1 0 0 0 0 0 0 0 0 0 0 0 0 0 5 1 0 0 0 0 0 27 0 0 0 0 0 0 0 0 2 5 0 0 0 0 0 0 0 0 0 0 0 0 0 5 0 0
4 1 2 0 0 1 0 0 0 0 0 0 0 0 0 0 2 2 0 0 0 0 0 26 0 0 0 0 0 0 0 0 2 6 0 0 0 0 0 0 0 0 0 0 0 0 0 4 0 0
4 1 2 0 0 0 0 0 0 0 0 0 0 0 0 0 1 3 0 0 0 0 0 24 0 0 0 0 0 0 0 2 3 6 0 0 0 0 0 0 0 0 0 0 0 0 0 4 0 0
6 1 4 0 0 0 0 0 1 0 0 0 0 0 0 0 0 4 0 0 0 0 0 19 0 0 0 0 0 0 0 2 3 5 0 0 0 0 0 0 0 0 0 0 0 0 0 5 0 0
6 1 5 0 0 0 0 0 1 0 0 0 0 0 0 0 0 5 0 0 0 0 0 17 0 0 0 0 0 0 0 1 4 5 0 0 0 0 0 0 0 0 0 0 0 0 0 5 0 0
5 1 6 0 0 0 0 0 1 1 0 0 0 0 0 0 0 4 0 0 0 0 0 19 0 0 0 0 0 0 0 1 4 3 0 0 0 0 0 0 0 0 0 0 0 0 0 5 0 0
5 1 3 0 0 0 0 0 1 2 0 0 0 0 0 0 0 3 0 0 0 0 0 22 0 0 0 0 0 0 0 2 3 3 0 0 0 0 0 0 0 0 0 0 0 0 0 5 0 0
5 3 3 0 0 0 0 0 0 3 0 0 0 0 0 0 0 2 0 0 0 0 0 22 0 0 0 0 0 0 0 1 2 5 0 0 0 0 0 0 0 0 0 0 0 0 0 4 0 0
5 4 2 1 0 0 0 0 0 2 0 0 0 0 0 0 0 2 0 0 0 0 0 22 0 0 1 0 0 0 0 0 1 6 0 0 0 0 0 0 0 0 0 0 0 0 0 4 0 0
3 4 1 1 0 0 0 0 0 5 0 0 0 0 0 0 0 3 0 0 0 0 0 27 0 0 0 0 0 0 0 0 0 2 0 0 0 0 0 0 0 0 0 0 0 0 0 4 0 0
1 3 1 1 0 0 0 0 0 5 0 0 0 0 1 0 0 5 0 0 0 0 0 29 0 0 0 0 0 0 0 0 0 1 0 0 0 0 0 0 0 0 0 0 0 0 0 3 0 0
1 4 1 1 0 0 0 0 0 3 0 0 0 0 2 0 0 6 0 0 0 0 0 28 0 0 0 0 0 0 0 0 0 1 0 0 0 0 0 0 0 0 0 0 0 0 0 3 0 0
2 4 1 0 0 0 0 0 0 3 0 0 0 0 2 0 0 7 0 0 0 0 0 27 0 0 0 0 0 0 0 0 0 0 0 0 0 0 0 0 0 0 0 1 0 0 0 3 0 0
2 5 1 0 0 0 0 0 0 4 0 0 0 0 2 0 0 5 0 0 0 0 0 25 0 0 0 0 0 0 0 0 0 0 0 0 0 0 0 0 0 0 0 1 0 0 0 5 0 0
1 5 0 0 0 0 0 0 0 4 0 0 0 0 1 0 0 7 0 0 0 0 0 27 0 0 0 0 0 0 0 0 0 0 0 0 0 0 0 0 0 0 0 1 0 0 0 4 0 0
1 5 0 0 0 0 0 0 0 4 0 0 0 0 1 0 0 4 0 0 0 0 0 29 0 0 0 0 0 0 0 0 0 0 0 0 0 0 0 0 0 0 0 1 0 0 0 5 0 0
1 4 0 0 0 0 0 0 0 5 0 0 0 0 2 0 0 4 0 0 0 0 0 27 0 0 0 0 0 0 0 0 0 0 0 0 0 0 0 0 0 0 0 0 0 0 0 7 0 0
1 5 0 0 0 0 0 0 0 5 0 0 0 0 4 0 0 3 0 0 0 0 0 21 0 0 0 0 0 0 0 0 0 0 0 0 1 0 0 0 0 0 0 0 0 0 0 9 0 1
2 7 0 0 0 0 1 0 0 5 0 0 0 0 2 0 0 3 0 0 0 0 0 18 0 0 0 0 0 0 0 0 0 0 0 0 0 0 0 0 0 0 0 0 0 0 0 11 0 1
2 8 0 0 0 0 1 0 0 6 0 0 0 0 1 0 0 2 0 0 0 0 0 20 0 0 0 0 0 0 0 0 0 0 0 0 0 0 0 0 0 0 0 0 0 0 0 8 0 2
1 6 0 0 0 0 1 0 0 7 0 0 0 0 1 0 0 1 0 0 0 0 0 20 1 0 0 0 0 0 0 0 0 0 0 0 0 0 0 0 0 0 0 0 0 0 0 9 1 2
1 7 0 0 0 0 2 0 0 6 0 0 0 0 1 0 0 1 0 0 0 0 0 20 2 0 0 0 0 0 0 0 0 0 0 0 0 0 0 0 0 0 0 0 0 0 0 9 0 1
1 8 0 0 0 0 1 0 0 7 0 0 0 0 0 0 0 1 0 0 0 0 0 19 1 0 0 0 0 0 0 0 0 0 1 0 0 0 1 0 0 0 0 0 0 0 0 9 0 1
1 9 0 0 0 0 1 0 0 5 0 0 0 0 0 0 0 1 0 0 0 0 0 23 0 0 0 0 0 0 0 0 0 0 0 1 0 0 0 0 0 0 0 0 0 0 0 7 0 2
1 8 0 0 0 0 1 0 0 5 0 0 0 0 0 0 0 1 0 0 0 0 0 24 0 0 1 0 0 0 0 0 0 0 0 0 0 1 0 0 0 0 0 0 0 0 0 5 0 3
1 6 0 0 0 0 1 0 0 3 0 0 0 0 0 0 0 0 0 1 0 0 1 26 0 0 1 0 0 0 0 0 0 0 0 0 0 1 0 0 0 0 0 0 0 0 0 6 0 3
2 6 0 0 0 0 1 0 0 3 0 0 0 0 0 0 0 0 0 1 0 1 1 28 0 0 0 0 0 0 0 0 0 0 0 0 0 1 0 0 0 0 0 0 0 0 0 4 0 2
3 3 0 0 0 0 1 0 0 3 0 0 0 0 0 0 0 0 0 1 0 1 2 29 0 0 0 0 1 0 0 0 0 0 0 0 0 1 0 0 0 0 0 0 0 0 0 3 0 2
1 2 0 0 0 0 1 0 0 4 0 0 0 0 0 0 0 0 0 2 0 1 2 29 0 0 0 1 1 0 0 0 0 0 0 0 0 0 0 0 0 0 0 0 0 0 0 4 0 2
1 1 0 0 0 0 1 0 0 3 0 0 0 0 0 0 0 0 0 2 0 1 2 32 0 0 0 1 1 0 0 0 0 0 0 0 0 0 0 0 0 0 0 0 0 0 0 4 0 1
0 2 0 0 0 0 1 0 1 4 0 0 0 0 0 0 0 0 0 1 0 1 2 32 0 0 0 0 1 0 0 0 0 0 0 0 0 0 0 0 0 0 1 0 0 0 0 3 0 1
0 2 0 0 0 0 1 0 1 2 0 0 0 0 0 0 0 0 0 1 0 1 2 31 0 0 0 0 0 0 0 0 0 0 0 0 0 0 0 0 0 0 2 0 0 0 0 6 0 1
0 1 0 0 0 0 2 0 1 1 0 0 0 0 0 0 0 0 0 1 0 0 0 32 0 0 0 0 0 0 0 0 0 0 0 0 0 0 0 0 0 0 4 0 0 0 0 6 0 2
0 1 0 0 0 0 1 0 1 2 0 0 0 0 0 0 0 0 0 1 0 0 0 34 0 0 0 0 0 0 0 0 0 0 0 0 0 0 0 0 0 0 5 0 0 0 0 5 0 0
0 1 0 0 0 0 1 0 2 2 0 0 0 0 0 0 0 0 0 1 0 0 0 34 0 0 0 0 0 0 0 0 0 0 0 0 0 0 0 0 0 0 3 0 0 0 0 6 0 0
0 1 0 0 0 0 2 0 2 2 0 0 0 0 0 0 0 0 2 1 0 0 0 31 0 0 0 0 0 0 0 0 0 1 0 0 0 0 0 0 0 0 2 0 0 0 0 6 0 0
0 0 0 0 0 0 2 0 1 2 0 0 0 0 0 0 0 0 2 1 0 1 0 29 0 0 0 0 0 0 0 0 0 1 0 0 0 0 0 0 0 0 4 0 0 0 0 7 0 0
0 0 0 0 0 0 3 0 1 2 0 0 0 0 0 0 0 0 2 2 0 2 0 27 0 0 0 0 0 0 0 0 0 1 0 0 0 0 0 0 0 0 2 0 0 0 0 8 0 0
0 0 1 0 0 0 2 0 2 3 0 0 0 0 0 0 0 0 3 2 0 2 0 26 0 0 0 0 0 0 0 0 0 1 0 0 0 0 0 0 0 0 2 0 0 0 0 6 0 0
0 0 0 0 0 0 2 0 2 3 0 0 0 0 0 0 0 0 4 2 0 4 0 22 0 0 0 0 0 0 0 0 0 1 0 0 0 0 0 0 0 0 4 0 0 0 0 6 0 0
0 0 0 0 0 0 2 0 3 2 0 0 0 0 0 0 0 0 6 2 0 3 0 24 0 0 0 0 0 0 0 0 0 0 0 0 0 0 0 0 0 0 4 0 0 0 0 3 1 0
0 0 0 0 0 0 4 0 2 2 0 0 0 0 0 0 0 0 7 1 0 3 0 23 0 0 0 0 0 0 0 0 0 0 0 0 0 0 0 0 0 0 5 0 0 0 0 2 1 0
0 0 0 0 0 0 3 0 1 2 0 0 0 0 0 0 0 0 8 0 0 3 0 24 0 0 0 0 0 0 0 0 0 0 0 0 0 1 0 0 0 0 5 0 0 0 0 2 1 0
0 0 0 0 0 0 4 0 2 2 0 0 0 0 0 0 0 0 11 0 0 2 0 23 0 0 0 0 0 0 0 0 0 0 0 0 0 1 0 0 0 0 4 0 0 0 0 0 1 0
0 0 0 0 0 0 6 1 2 0 0 0 0 0 0 0 0 0 12 0 0 1 0 22 0 0 0 0 0 0 0 0 0 0 0 0 0 0 1 0 0 0 4 0 0 0 0 0 1 0
0 0 0 0 0 0 7 2 2 0 0 0 0 0 0 0 0 0 12 0 0 1 1 20 0 0 0 0 0 0 0 0 0 0 0 0 0 0 0 0 0 0 5 0 0 0 0 0 0 0
0 0 0 0 0 0 6 0 1 0 0 0 0 0 0 0 0 0 12 0 0 1 1 24 0 0 0 0 0 0 0 0 0 0 0 0 0 0 0 0 1 0 4 0 0 0 0 0 0 0
0 0 0 0 0 0 6 0 1 0 0 0 0 0 0 0 0 0 13 0 0 1 0 23 0 0 0 0 0 0 0 0 0 0 0 0 0 0 0 0 1 0 5 0 0 0 0 0 0 0
0 0 0 0 0 0 7 0 0 0 0 0 0 0 0 1 0 0 14 0 0 1 0 21 0 0 0 0 0 0 0 0 0 0 0 0 0 0 0 0 1 0 5 0 0 0 0 0 0 0
0 0 0 0 0 0 9 0 0 0 0 0 0 0 0 1 0 0 14 0 0 1 0 17 0 0 0 0 0 0 0 0 0 0 0 0 0 0 0 0 1 0 7 0 0 0 0 0 0 0
0 0 0 0 0 0 6 1 0 0 0 0 0 0 0 1 0 0 17 0 0 1 0 16 0 0 0 0 0 0 0 0 0 0 0 0 0 0 0 0 1 0 7 0 0 0 0 0 0 0
0 0 0 0 0 0 5 0 0 0 0 0 0 0 0 1 0 0 21 0 0 1 0 15 0 0 0 0 0 0 0 0 0 0 0 0 0 0 0 0 1 0 6 0 0 0 0 0 0 0
0 0 0 0 0 0 6 0 0 0 0 0 0 0 0 0 0 0 22 0 0 0 0 15 0 0 0 0 0 0 0 0 0 0 0 0 0 0 0 0 1 0 6 0 0 0 0 0 0 0
0 0 0 0 0 0 6 0 0 0 0 0 0 0 0 0 0 0 26 0 0 0 0 12 0 0 0 0 0 0 0 0 0 0 0 0 0 0 0 0 1 0 5 0 0 0 0 0 0 0
0 0 0 0 0 0 9 0 0 1 0 0 0 0 0 0 0 0 20 0 0 0 0 14 0 0 0 0 0 0 0 0 0 0 0 0 0 0 0 0 1 0 5 0 0 0 0 0 0 0
0 0 0 0 0 0 8 0 0 1 0 0 0 0 0 0 0 0 22 0 0 0 0 13 0 0 0 0 0 0 1 0 0 0 0 0 0 0 0 0 0 0 4 0 0 0 1 0 0 0
0 0 0 0 0 0 6 0 0 1 0 0 0 0 0 0 0 0 26 0 0 0 0 12 0 0 0 0 0 0 0 0 0 0 0 0 0 0 0 0 0 0 5 0 0 0 0 0 0 0
0 0 0 0 0 1 5 0 0 1 0 0 0 0 0 0 0 0 24 0 0 0 0 14 0 0 0 0 0 0 0 0 0 0 0 0 0 0 0 0 0 0 5 0 0 0 0 0 0 0
0 0 0 0 0 1 3 0 0 1 0 0 0 0 0 0 0 0 26 0 0 0 0 14 0 0 0 0 0 0 0 0 0 0 0 0 0 0 0 0 0 0 5 0 0 0 0 0 0 0
0 0 0 0 0 3 3 0 0 0 0 0 0 0 0 0 0 0 28 0 0 0 0 12 0 0 0 0 0 0 0 0 0 0 0 0 0 0 0 0 0 0 4 0 0 0 0 0 0 0
0 0 0 0 0 4 3 0 0 0 0 1 0 0 0 0 0 0 25 0 0 0 0 10 0 0 0 0 0 0 0 0 0 0 0 0 0 0 0 0 0 0 7 0 0 0 0 0 0 0
0 0 0 0 0 3 4 0 0 0 0 2 0 0 0 0 0 0 26 0 0 0 0 9 0 0 0 0 0 0 0 0 0 0 0 0 0 0 0 0 0 0 6 0 0 0 0 0 0 0
0 0 0 0 0 1 2 0 0 0 0 2 0 0 0 0 0 0 28 0 0 0 0 9 0 0 0 0 0 0 0 0 0 0 0 0 0 0 0 0 0 0 8 0 0 0 0 0 0 0
0 0 0 0 0 1 2 0 0 0 0 1 0 0 0 0 0 0 32 0 0 0 0 8 0 0 0 0 0 0 0 0 0 0 0 0 0 0 0 0 0 0 6 0 0 0 0 0 0 0
0 0 0 0 0 1 2 0 0 0 0 1 0 0 0 0 0 0 30 0 0 0 0 10 0 0 0 0 0 0 0 0 0 0 0 0 0 0 0 0 0 0 6 0 0 0 0 0 0 0
0 0 0 0 0 1 4 0 0 0 0 1 0 0 0 0 0 0 26 0 0 0 0 8 0 0 1 0 0 1 0 0 0 0 0 0 0 0 0 0 0 0 8 0 0 0 0 0 0 0
0 0 0 0 0 0 2 0 0 0 0 1 0 0 0 0 0 0 29 0 0 1 0 6 0 0 1 0 0 2 0 0 0 0 0 0 0 0 0 0 0 0 7 1 0 0 0 0 0 0
0 0 0 0 0 0 2 0 0 0 0 1 0 0 0 0 0 0 28 0 0 1 0 6 0 0 2 0 0 2 0 0 0 0 0 0 0 0 0 0 0 0 7 1 0 0 0 0 0 0
0 0 0 0 0 0 2 0 0 0 0 1 0 0 0 0 0 0 29 0 0 1 0 4 0 0 2 0 0 3 0 0 0 0 0 0 0 0 0 0 0 0 7 1 0 0 0 0 0 0
0 0 0 0 0 0 4 0 0 0 0 1 0 0 0 0 0 0 28 0 0 1 0 2 0 0 3 0 0 4 0 0 0 0 0 0 0 0 0 0 0 0 6 1 0 0 0 0 0 0
0 0 0 0 0 0 6 0 0 0 0 2 0 0 0 0 0 0 22 0 0 1 0 2 0 0 3 0 0 4 0 0 0 0 0 0 0 0 0 0 0 0 9 1 0 0 0 0 0 0
0 0 0 0 0 0 4 0 0 0 0 2 0 0 0 0 0 0 18 0 0 1 0 6 0 0 3 0 0 3 0 0 0 0 0 0 0 0 0 0 0 0 11 2 0 0 0 0 0 0
0 0 0 0 0 0 6 0 0 0 0 2 0 0 0 0 0 0 19 0 0 1 0 6 0 0 3 0 0 1 0 0 0 0 0 0 0 0 0 0 0 0 10 2 0 0 0 0 0 0
0 0 0 0 0 0 9 0 0 0 0 3 0 0 0 0 0 0 17 0 0 0 0 6 0 0 3 0 0 1 0 0 0 0 0 0 0 0 0 0 0 0 9 2 0 0 0 0 0 0
0 0 0 0 0 0 10 0 0 0 0 1 0 0 0 0 0 0 14 0 0 0 0 7 0 0 4 0 0 1 0 0 0 0 0 0 0 0 0 0 0 0 11 2 0 0 0 0 0 0
0 0 0 0 0 0 10 0 0 0 0 1 0 0 0 0 0 0 12 0 0 0 0 7 0 0 4 0 0 1 0 0 0 0 0 0 0 0 0 0 0 0 13 2 0 0 0 0 0 0
0 0 0 0 0 0 12 0 0 0 0 0 0 0 0 0 0 0 14 0 0 0 0 6 0 0 5 0 0 0 0 0 0 0 0 0 0 0 0 0 0 0 11 1 0 0 0 0 1 0
0 0 0 0 0 0 12 0 0 0 0 0 0 0 0 0 0 0 10 0 0 0 0 7 0 0 8 0 0 0 0 0 0 0 0 0 0 0 0 0 0 0 11 1 0 0 0 0 1 0
0 0 0 1 0 1 8 0 0 0 0 0 0 0 0 0 0 0 10 0 0 0 0 4 0 0 8 0 0 0 0 0 0 0 0 1 0 0 0 0 0 0 14 2 0 0 0 0 1 0
0 0 0 1 0 1 8 0 0 0 0 0 0 0 0 0 0 0 13 0 0 0 0 5 0 0 7 0 0 0 0 0 0 0 0 1 1 0 0 0 0 0 11 1 0 0 1 0 0 0
0 0 0 1 0 1 7 0 0 0 0 0 0 0 0 0 0 0 16 0 1 0 0 5 0 0 5 0 0 0 0 0 0 0 0 1 0 0 0 0 0 0 11 1 0 0 1 0 0 0
0 0 0 1 0 0 6 0 0 0 0 0 0 0 0 0 0 0 16 0 1 0 0 6 0 0 7 0 0 0 0 0 0 0 0 1 0 0 0 0 0 0 10 1 0 0 1 0 0 0
0 0 0 1 0 0 5 0 0 0 0 0 0 0 0 0 0 0 16 0 2 0 0 6 0 0 3 0 0 0 0 0 0 0 0 2 0 0 0 0 0 0 13 1 0 0 1 0 0 0
0 0 0 1 0 0 3 0 0 0 0 0 0 0 0 0 0 0 10 2 1 0 0 6 0 0 5 0 0 0 0 0 0 0 0 2 0 0 0 0 0 0 18 1 0 0 0 1 0 0
0 0 0 0 0 0 4 0 0 0 0 0 0 0 0 0 0 0 11 1 1 0 0 6 0 0 4 0 0 0 0 0 0 0 0 2 0 0 0 0 0 0 19 2 0 0 0 0 0 0
0 0 0 0 0 0 3 0 0 0 0 0 0 0 1 0 0 0 11 0 1 0 0 5 0 0 6 0 0 0 0 0 0 0 0 2 0 0 0 0 0 0 20 1 0 0 0 0 0 0
0 0 0 0 0 0 4 0 0 0 0 0 1 0 1 0 0 0 11 0 1 0 0 4 0 0 4 0 0 0 0 0 0 0 0 3 0 0 0 0 0 0 20 1 0 0 0 0 0 0
0 0 0 0 0 0 5 0 0 0 0 0 1 0 1 0 0 0 14 0 1 0 0 3 0 0 5 0 0 0 0 0 0 0 1 1 0 0 0 0 0 0 17 1 0 0 0 0 0 0
0 0 0 0 0 0 6 0 0 0 0 0 1 0 2 0 0 0 14 0 1 0 0 3 0 0 4 0 0 0 0 0 0 0 0 0 0 0 0 0 0 0 17 2 0 0 0 0 0 0
0 0 0 0 0 0 4 0 0 0 0 0 1 0 2 0 0 0 11 0 1 0 0 3 0 0 7 0 0 0 0 0 0 0 0 0 0 0 0 0 0 0 19 2 0 0 0 0 0 0
0 0 0 0 0 0 4 0 0 1 0 0 1 1 1 0 0 0 11 0 2 0 0 4 0 0 6 0 0 0 0 0 0 0 0 0 0 0 0 0 0 0 17 2 0 0 0 0 0 0
0 0 0 0 0 0 2 0 0 1 0 0 2 2 1 0 0 0 7 0 2 0 0 6 0 0 7 0 0 0 0 0 0 0 0 0 0 0 0 0 0 0 17 3 0 0 0 0 0 0
0 0 0 0 0 0 2 0 0 3 0 0 1 2 1 0 0 0 8 0 2 0 0 5 0 0 6 0 0 0 0 0 0 0 0 0 0 0 0 0 0 0 16 4 0 0 0 0 0 0
0 0 0 0 0 0 3 0 0 3 0 0 1 4 2 0 0 0 5 0 1 0 0 4 0 0 4 0 0 0 0 0 0 0 0 0 0 0 0 0 0 0 17 6 0 0 0 0 0 0
0 0 0 0 0 0 4 0 0 5 0 0 1 5 2 0 0 0 4 0 0 0 0 4 0 0 3 0 0 0 0 0 0 0 0 0 0 0 0 0 0 0 16 6 0 0 0 0 0 0
0 0 0 0 0 0 6 0 0 4 0 0 1 5 2 0 0 0 4 0 0 0 0 5 0 0 3 0 0 0 0 0 0 0 0 0 0 1 0 0 0 0 13 6 0 0 0 0 0 0
0 0 0 0 0 0 6 0 0 4 0 0 3 5 2 0 0 0 2 0 0 1 0 5 0 0 2 0 0 0 0 0 0 0 0 0 0 0 0 0 0 0 14 6 0 0 0 0 0 0
0 0 0 0 0 0 5 0 0 5 0 0 3 4 2 0 0 0 1 0 0 1 1 4 0 0 2 0 0 0 0 0 0 0 0 0 0 0 0 0 0 0 14 8 0 0 0 0 0 0
0 0 0 0 0 0 4 0 0 5 0 0 4 4 3 0 0 0 1 0 0 2 1 4 0 0 1 0 0 0 0 0 0 0 0 0 0 0 0 0 0 1 13 7 0 0 0 0 0 0
0 0 0 0 0 0 5 0 0 4 0 0 7 3 3 0 0 0 0 0 0 2 0 5 0 0 1 0 0 0 0 0 0 0 0 0 0 0 0 0 0 1 13 6 0 0 0 0 0 0
0 0 0 0 0 0 3 0 0 5 0 0 7 3 3 0 0 0 0 0 0 2 0 5 0 0 1 0 0 0 0 0 0 0 0 0 0 0 0 0 0 2 13 6 0 0 0 0 0 0
0 0 0 0 0 0 4 0 0 5 0 0 8 3 1 0 0 0 1 0 0 2 0 6 0 0 0 0 0 0 0 0 0 0 0 0 0 0 0 0 0 1 15 4 0 0 0 0 0 0
0 0 0 0 0 0 6 0 0 6 0 0 5 3 1 0 0 0 2 0 0 2 0 4 0 0 0 0 0 0 0 0 0 0 0 0 0 0 0 0 0 1 15 5 0 0 0 0 0 0
0 0 0 0 0 0 5 0 0 6 0 0 5 3 1 0 0 0 2 0 0 0 0 4 0 0 0 0 0 0 0 0 0 0 0 0 0 0 0 0 0 0 19 5 0 0 0 0 0 0
0 1 0 0 0 0 5 0 0 5 0 0 4 2 1 0 0 0 3 0 0 0 0 4 0 0 0 0 0 0 0 0 0 0 0 0 0 0 0 0 0 0 19 6 0 0 0 0 0 0
0 1 0 0 0 0 6 0 0 4 0 0 4 1 1 0 0 0 4 0 0 0 0 3 0 0 0 0 0 0 0 0 0 0 0 0 0 0 0 0 0 0 20 6 0 0 0 0 0 0
0 2 0 0 0 0 5 0 0 3 0 0 4 1 1 0 0 0 3 0 0 0 0 4 0 0 0 0 0 0 0 0 0 0 0 0 0 0 0 0 0 0 19 8 0 0 0 0 0 0
0 2 0 0 0 0 3 0 0 2 0 0 5 1 2 0 0 0 3 0 0 0 0 5 0 0 0 0 0 0 0 0 0 0 0 0 0 0 0 0 0 0 20 7 0 0 0 0 0 0
0 2 0 0 0 0 1 0 0 2 0 0 5 1 3 0 0 0 4 0 0 0 0 7 0 0 0 0 0 0 0 0 0 0 0 0 0 0 0 0 0 0 20 5 0 0 0 0 0 0
0 2 0 0 0 0 1 0 0 2 0 0 6 1 3 0 0 0 2 0 0 0 0 4 0 1 0 0 0 0 0 0 0 0 0 0 0 0 0 0 0 0 22 6 0 0 0 0 0 0
0 2 0 0 0 0 1 0 0 1 0 0 6 1 4 0 0 0 2 0 0 0 0 4 0 1 0 0 0 0 0 0 0 0 0 0 0 0 0 0 0 0 22 6 0 0 0 0 0 0
0 2 0 0 0 0 1 0 0 0 0 0 6 1 5 0 0 0 2 0 0 0 0 3 0 1 0 0 0 0 0 0 0 0 0 0 0 0 0 0 0 0 24 5 0 0 0 0 0 0
0 4 0 0 0 0 2 0 0 0 0 0 6 1 7 0 0 0 2 0 0 0 0 3 0 0 0 0 0 0 0 0 0 0 0 0 0 0 0 0 0 0 22 3 0 0 0 0 0 0
0 4 0 0 0 0 2 0 1 0 0 0 4 1 6 0 0 0 1 0 0 0 0 2 0 0 0 0 0 0 0 0 0 0 0 0 0 0 0 0 0 0 25 4 0 0 0 0 0 0
0 4 0 0 0 0 1 0 1 0 0 0 4 1 10 0 0 0 1 0 0 0 0 2 0 0 0 0 0 0 0 0 0 0 0 0 0 0 0 1 0 0 23 2 0 0 0 0 0 0
0 7 0 0 0 0 1 0 1 0 0 0 5 1 10 0 0 0 2 0 0 0 0 2 0 0 0 0 0 0 0 0 0 0 0 0 0 0 0 0 0 0 18 3 0 0 0 0 0 0
0 9 0 0 0 0 0 0 0 0 0 0 5 1 8 0 0 0 2 0 0 0 0 2 0 0 0 0 0 0 0 0 0 0 0 0 0 0 0 0 0 0 20 3 0 0 0 0 0 0
0 11 0 0 0 0 0 0 0 0 0 0 4 1 10 0 0 0 2 0 0 0 0 2 0 0 0 0 0 0 0 0 0 0 0 0 1 0 0 0 0 0 17 2 0 0 0 0 0 0
0 10 0 0 0 0 0 0 0 0 0 0 3 2 9 0 0 0 2 1 0 0 0 2 0 0 0 0 0 0 0 0 0 0 0 0 0 0 0 0 0 0 20 1 0 0 0 0 0 0
0 10 0 0 1 0 0 0 0 0 0 0 2 2 9 0 0 0 1 1 0 0 0 2 0 0 0 0 0 0 0 0 0 0 0 0 0 0 0 0 0 0 20 2 0 0 0 0 0 0
0 6 0 0 2 0 0 0 0 0 0 0 2 2 8 0 0 0 1 2 0 0 0 2 0 0 0 0 1 0 0 0 0 1 0 0 0 0 0 0 0 0 20 2 0 0 0 1 0 0
0 4 0 0 2 0 0 0 0 0 0 0 3 2 10 0 0 0 0 2 0 0 0 2 0 0 0 0 1 0 0 0 0 2 0 0 0 0 0 0 0 0 20 1 0 0 0 1 0 0
0 4 0 0 2 0 0 0 0 0 0 0 2 3 10 0 0 0 0 2 0 0 0 1 0 0 0 0 1 0 0 1 0 1 0 0 0 0 0 0 0 0 21 0 0 0 0 2 0 0
0 6 0 0 2 0 0 0 0 0 0 0 2 2 9 0 0 0 0 2 0 0 0 1 0 0 0 0 0 0 0 1 0 1 1 0 0 0 0 0 0 0 21 0 0 0 0 2 0 0
0 5 0 0 2 0 0 0 0 0 0 0 2 3 9 0 0 0 0 1 0 0 0 1 0 0 0 0 0 0 0 2 0 1 1 0 0 0 1 0 0 0 21 0 0 0 0 1 0 0
0 4 0 0 3 0 0 0 0 0 0 0 2 4 10 0 0 0 0 1 0 0 0 1 0 0 0 0 0 0 0 1 0 1 2 0 0 0 2 0 0 0 19 0 0 0 0 0 0 0
0 4 0 1 1 0 0 0 0 0 0 0 2 5 10 0 0 0 0 1 0 0 0 1 0 0 0 0 0 0 0 1 0 0 2 0 1 0 1 0 0 0 20 0 0 0 0 0 0 0
0 6 0 1 1 0 0 0 0 0 0 0 2 4 9 0 0 0 0 0 0 0 0 1 0 0 0 0 0 0 0 0 0 0 4 0 1 0 1 0 0 0 20 0 0 0 0 0 0 0
0 6 0 2 0 0 0 0 0 0 0 0 2 4 11 0 0 0 0 0 0 0 0 1 0 0 0 0 0 0 0 0 0 0 6 0 1 0 1 0 0 0 16 0 0 0 0 0 0 0
0 6 0 2 0 0 0 0 0 0 0 0 1 3 13 0 0 0 0 0 0 0 0 1 0 0 0 1 0 0 0 0 0 0 5 0 2 0 1 0 0 0 15 0 0 0 0 0 0 0
0 7 0 2 0 0 0 0 0 0 0 0 1 4 16 0 0 0 0 0 0 0 0 0 0 0 0 1 0 0 0 0 0 0 4 0 1 0 1 0 0 0 13 0 0 0 0 0 0 0
0 7 0 2 0 0 0 0 0 0 0 0 0 4 15 0 0 0 0 0 0 0 0 0 0 0 0 1 0 0 0 0 0 0 3 0 1 0 0 0 0 0 17 0 0 0 0 0 0 0
0 6 0 2 0 0 0 0 0 0 0 0 0 4 14 0 0 0 0 0 0 0 0 0 0 0 0 1 0 0 0 0 0 0 2 0 1 0 0 0 0 0 20 0 0 0 0 0 0 0
0 5 0 2 0 0 0 0 0 0 0 0 0 5 11 0 0 0 0 0 0 0 0 0 0 0 0 1 0 0 0 0 0 0 1 0 2 0 0 0 0 0 22 0 0 0 0 1 0 0
0 4 1 2 0 0 0 0 0 0 0 0 0 6 11 0 0 0 0 0 0 0 0 0 0 0 0 3 0 0 0 1 0 0 1 0 2 0 0 0 0 0 17 0 0 0 1 1 0 0
0 5 0 3 0 0 0 0 0 0 0 0 0 3 12 0 0 0 0 0 0 0 0 0 0 0 0 3 0 0 0 1 0 0 1 0 2 0 0 0 0 0 19 0 0 0 0 1 0 0
0 4 0 2 0 0 0 0 0 0 0 0 0 3 14 0 0 0 0 0 0 0 0 0 0 0 0 2 0 0 0 1 0 0 1 0 2 0 0 0 0 0 20 0 0 0 0 1 0 0
0 5 0 0 0 0 0 0 0 0 0 0 0 3 12 0 0 0 0 0 0 0 0 0 0 0 0 1 0 0 0 1 0 0 0 0 3 0 0 0 0 0 24 0 0 0 0 1 0 0
0 7 0 0 0 0 0 0 0 0 0 0 0 2 10 0 0 0 0 0 0 0 0 0 0 0 0 1 0 1 0 0 0 0 0 0 3 0 0 0 0 0 25 0 0 0 0 1 0 0
0 7 0 0 0 0 0 0 0 0 0 0 0 2 11 0 0 0 0 0 0 0 0 0 0 0 0 1 0 0 0 0 0 0 0 0 3 0 0 0 0 1 24 0 0 0 0 1 0 0
0 6 0 0 0 0 0 0 0 0 0 0 0 0 12 0 0 0 0 0 0 0 0 0 0 0 0 2 0 0 0 0 1 0 0 0 3 0 0 0 0 1 24 0 0 0 0 1 0 0
0 5 0 0 0 0 0 0 0 0 0 0 0 0 16 0 0 0 0 0 0 0 0 0 0 0 0 2 0 0 0 0 1 0 0 0 2 0 0 0 0 1 22 0 0 0 0 1 0 0
0 2 0 0 0 0 0 0 0 0 0 0 2 0 17 0 0 0 0 0 0 0 0 0 0 0 0 2 0 0 0 0 1 0 0 0 1 0 0 0 0 1 23 0 0 0 0 1 0 0
0 4 0 0 0 0 0 0 1 0 0 0 2 0 16 0 0 0 0 0 0 0 0 0 0 0 0 1 0 0 0 0 0 0 0 0 1 0 0 0 0 1 23 0 0 0 0 1 0 0
0 5 0 0 0 0 0 0 1 0 0 0 4 0 18 0 0 0 0 0 0 0 0 0 0 0 0 1 0 0 0 0 0 0 0 0 0 0 0 0 0 1 19 0 0 0 0 1 0 0
0 4 0 0 0 0 0 0 0 0 0 0 6 0 19 0 0 0 0 0 0 0 0 0 0 0 0 1 0 0 0 0 0 0 0 0 0 0 0 0 1 1 16 0 0 0 0 2 0 0
0 4 0 0 0 0 0 0 0 0 0 0 4 0 19 0 0 0 0 0 0 0 0 0 0 0 0 1 0 0 0 0 0 0 0 0 0 0 0 0 2 2 14 0 0 0 0 4 0 0
0 1 0 0 0 0 0 0 0 0 0 0 4 0 23 0 0 0 0 0 0 0 0 0 0 0 0 1 0 0 0 0 1 0 0 0 0 0 0 0 2 3 11 0 0 0 0 4 0 0
0 0 0 0 0 0 0 0 0 0 0 0 5 0 21 0 0 0 1 0 0 0 0 0 0 0 0 1 0 2 0 0 1 0 0 0 0 0 0 0 2 4 9 0 0 0 0 4 0 0
0 0 0 0 0 0 0 0 0 0 0 0 5 0 19 0 0 0 2 0 0 0 0 0 0 0 0 1 0 3 0 0 1 1 0 0 0 1 0 0 2 4 6 0 0 0 0 5 0 0
0 0 0 0 0 0 0 0 0 0 0 1 3 0 20 0 0 0 3 0 0 0 0 0 0 0 0 1 0 2 0 0 0 0 0 0 0 3 0 0 2 5 5 0 0 0 0 5 0 0
0 0 1 0 0 0 0 0 0 0 0 1 3 0 21 0 0 0 3 0 0 0 0 0 0 0 0 1 0 1 0 0 1 0 0 0 0 3 0 0 2 4 4 0 0 0 0 5 0 0
0 0 1 0 0 0 0 0 0 0 0 2 3 0 18 0 0 0 3 0 0 0 0 0 0 0 0 0 0 0 0 0 1 0 0 0 0 2 0 0 3 4 7 1 0 0 0 5 0 0
0 0 0 0 0 0 0 0 0 0 0 1 4 0 18 0 0 0 3 0 0 0 0 0 0 0 0 0 0 0 0 0 1 0 0 0 0 2 0 0 6 5 4 1 0 0 0 5 0 0
0 0 0 0 0 0 0 0 0 0 0 1 4 0 19 0 0 0 4 0 0 0 0 0 0 0 0 0 0 0 0 0 1 1 0 0 0 2 0 0 3 3 6 1 0 0 0 5 0 0
0 0 0 0 0 0 0 0 0 0 0 1 3 0 14 0 0 0 4 0 0 0 0 0 0 0 0 0 0 0 0 0 2 1 1 0 0 2 0 0 2 3 8 1 0 0 0 8 0 0
0 0 0 0 0 0 0 0 0 0 0 1 3 0 14 0 0 0 4 0 0 0 0 2 0 0 0 0 0 1 0 0 2 1 0 0 0 3 0 0 1 5 6 1 0 0 0 6 0 0
0 0 0 0 0 0 0 0 1 0 0 1 3 0 12 0 0 0 6 0 0 0 0 3 0 0 0 0 0 1 0 0 2 0 0 0 0 4 0 0 1 4 6 0 0 0 0 6 0 0
0 0 0 0 0 0 0 0 1 0 0 1 3 0 12 0 0 0 5 0 0 1 0 2 0 0 0 0 0 1 0 0 3 0 0 0 0 5 1 0 1 4 7 0 0 0 0 3 0 0
0 0 0 0 0 0 0 0 1 0 0 1 3 0 13 0 0 0 8 0 0 1 0 2 0 0 0 0 0 1 0 0 2 0 0 0 0 5 1 0 1 5 6 0 0 0 0 0 0 0
0 0 0 0 0 0 0 0 2 0 0 1 3 0 14 0 0 0 8 0 0 1 0 2 0 1 0 0 0 0 0 0 2 0 0 0 0 7 1 0 1 3 4 0 0 0 0 0 0 0
0 0 0 0 0 0 0 0 1 0 0 1 6 0 18 0 0 0 5 0 0 1 0 2 0 1 0 0 0 0 0 0 2 0 0 0 0 6 0 0 1 3 3 0 0 0 0 0 0 0
0 0 0 0 0 0 0 0 2 0 0 1 6 0 16 0 0 0 3 0 0 1 0 3 0 2 0 0 0 0 0 0 2 0 0 0 0 8 0 0 0 3 3 0 0 0 0 0 0 0
0 0 0 0 0 0 0 0 1 0 0 2 5 0 16 0 0 0 4 0 0 1 0 3 0 3 0 0 0 0 0 0 1 0 0 0 0 8 0 1 0 3 2 0 0 0 0 0 0 0
0 0 0 0 0 0 1 0 1 0 0 1 5 0 18 0 0 0 5 0 0 1 0 2 0 5 0 0 0 0 0 0 0 0 0 0 0 5 0 1 0 3 1 0 0 0 0 0 1 0
0 0 0 0 0 0 0 0 1 0 0 1 3 0 22 0 0 0 3 0 0 1 0 2 0 6 0 0 0 0 0 0 0 0 0 0 0 4 0 1 0 3 1 0 0 0 0 0 2 0
0 0 0 0 0 0 0 0 1 0 0 1 3 0 16 0 0 0 6 0 0 1 0 2 1 6 0 0 0 0 0 0 0 0 0 0 0 3 0 1 0 6 1 0 0 0 0 0 2 0
0 0 0 0 0 0 0 0 1 0 0 1 2 0 16 0 0 0 4 0 0 1 0 2 1 7 0 0 0 0 0 0 0 0 0 0 0 3 0 3 0 7 1 0 0 0 0 0 1 0
0 0 0 0 0 0 0 0 2 0 0 2 2 0 15 0 0 0 3 0 0 1 0 2 1 7 0 0 0 0 0 0 0 0 0 0 0 3 0 3 0 7 1 0 0 0 0 0 1 0
0 0 0 0 0 0 0 0 2 0 0 2 1 0 15 0 0 0 2 0 0 1 0 2 0 7 0 0 1 0 0 0 0 0 0 0 0 3 0 4 0 7 1 0 0 0 0 0 2 0
0 1 0 0 0 0 0 0 2 0 0 2 1 0 18 0 0 0 2 0 0 1 0 2 0 8 0 0 1 0 0 0 0 0 0 0 0 1 0 4 0 5 0 0 0 0 0 0 2 0
0 1 0 0 0 0 0 0 1 0 0 2 1 0 18 0 0 0 2 0 0 0 1 2 0 7 0 0 2 0 0 0 0 0 0 0 0 1 0 5 0 5 0 0 0 0 0 1 1 0
0 0 0 0 0 0 0 0 1 0 0 2 1 0 19 0 0 0 1 0 0 0 1 2 0 5 1 0 2 0 0 0 0 0 0 0 0 0 0 6 0 6 0 0 0 0 0 2 1 0
0 0 0 0 0 0 0 0 1 0 0 1 0 0 16 0 0 0 1 0 0 0 1 2 0 5 1 0 2 0 0 0 0 2 0 0 0 0 0 8 0 7 1 0 0 0 0 1 1 0
0 0 0 0 0 0 0 0 1 0 0 1 0 0 13 0 0 0 1 1 0 0 1 3 0 4 1 1 1 0 0 0 0 1 0 0 0 1 0 9 0 8 1 0 0 0 0 1 1 0
0 0 0 0 0 0 0 0 1 0 0 1 0 0 14 0 0 0 1 1 0 0 1 1 0 8 0 1 0 0 0 0 0 1 0 0 0 1 0 10 0 6 1 0 0 0 0 1 1 0
0 0 0 0 1 0 0 0 0 0 0 1 0 0 14 0 0 0 1 0 0 0 1 1 0 9 0 1 0 0 0 0 0 1 1 0 0 0 0 10 0 6 1 0 0 0 0 1 1 0
0 0 0 0 1 0 0 0 0 0 0 0 0 0 18 0 0 0 1 0 0 0 1 2 0 8 0 1 0 0 0 0 0 1 1 0 0 0 0 9 0 4 2 0 0 0 0 0 1 0
0 0 0 0 1 0 0 0 0 0 0 0 0 0 18 0 0 0 1 1 0 0 0 2 0 9 0 1 0 0 0 0 0 0 2 0 0 0 0 8 0 4 3 0 0 0 0 0 0 0
0 0 0 0 1 0 0 0 0 0 0 0 0 0 21 0 0 0 2 2 0 0 0 0 0 10 0 1 0 0 0 0 0 0 2 0 0 0 0 7 0 2 2 0 0 0 0 0 0 0
0 0 0 0 0 0 0 0 0 0 0 0 0 0 23 0 0 0 3 2 0 0 0 0 0 12 0 1 0 0 0 2 0 0 0 0 0 0 0 4 0 1 2 0 0 0 0 0 0 0
0 0 0 0 0 0 1 0 0 0 0 0 0 0 22 0 0 0 3 3 0 0 0 0 0 11 0 2 0 0 0 1 0 0 0 0 0 0 0 3 0 2 2 0 0 0 0 0 0 0
0 0 0 0 0 0 0 0 0 0 0 0 0 0 21 0 0 0 3 6 0 0 0 0 0 9 0 2 0 0 0 1 1 0 0 0 0 0 0 2 0 3 2 0 0 0 0 0 0 0
0 0 0 0 0 0 0 0 0 0 0 0 0 0 19 0 0 0 5 5 0 0 0 0 0 9 0 2 0 0 0 1 1 0 0 0 0 0 0 3 0 2 2 0 0 0 1 0 0 0
0 0 0 0 0 0 0 0 0 0 0 0 0 0 23 0 0 0 5 4 0 0 0 0 0 8 0 2 0 0 0 1 0 0 0 0 0 0 0 2 0 2 2 0 0 0 1 0 0 0
0 0 0 0 0 0 0 0 0 0 0 0 0 0 23 0 0 0 5 3 0 0 0 0 0 8 0 1 0 0 0 1 0 0 0 0 0 0 0 3 0 2 1 0 0 1 2 0 0 0
0 0 0 0 0 0 0 0 0 0 0 0 0 0 26 0 0 0 5 0 0 0 0 0 0 9 0 1 0 0 0 0 0 0 0 0 0 0 0 3 0 0 1 0 0 1 3 1 0 0
0 0 0 0 0 0 0 0 0 0 0 0 0 0 26 0 0 0 5 0 0 0 0 0 0 8 0 0 0 0 0 0 0 0 0 0 0 0 0 4 0 0 0 0 0 2 4 1 0 0
0 0 0 0 0 0 0 0 0 0 0 0 0 0 27 0 0 0 3 0 0 0 0 0 0 8 0 0 0 0 0 0 0 0 0 0 0 0 1 5 0 0 0 0 0 1 4 1 0 0
0 0 0 0 0 0 0 0 0 0 0 0 0 0 27 0 0 0 2 0 0 0 0 0 0 7 0 0 0 0 0 0 0 0 0 0 0 0 2 5 0 0 0 0 0 2 4 1 0 0
0 0 0 0 0 0 0 0 0 0 0 0 0 0 25 0 0 0 3 0 0 0 0 0 0 8 0 0 0 0 0 1 0 0 0 0 0 0 2 4 0 0 0 0 0 2 4 1 0 0
0 0 0 0 0 0 0 0 0 0 0 0 0 0 25 0 0 0 5 0 0 0 0 0 0 7 0 0 0 0 0 2 0 0 0 0 0 0 2 4 0 0 0 0 0 2 2 1 0 0
0 0 0 0 0 0 0 0 0 0 0 0 1 0 25 0 0 0 4 0 0 0 0 0 0 7 0 0 0 0 0 1 0 0 0 0 0 0 2 5 0 0 0 0 0 1 3 1 0 0
0 0 0 0 0 0 0 0 0 0 0 0 1 0 20 0 0 0 6 0 0 0 0 0 0 7 0 0 0 0 0 1 0 0 0 0 0 0 2 8 0 0 0 0 0 0 3 2 0 0
0 0 0 0 0 0 0 1 0 0 0 0 1 0 21 0 0 0 7 0 0 0 0 0 0 4 0 0 0 0 0 2 0 0 0 0 0 0 1 10 0 0 0 0 0 0 2 1 0 0
0 0 0 0 0 0 0 2 0 0 3 0 0 0 18 0 0 0 8 0 0 0 0 0 0 5 0 0 0 0 0 2 0 0 0 0 0 0 1 8 0 0 0 0 0 0 2 1 0 0
0 0 0 0 1 0 0 2 0 0 2 0 0 0 19 0 0 0 8 0 0 0 0 0 0 3 0 0 0 0 0 1 0 0 0 0 0 0 2 9 0 0 0 0 0 0 2 1 0 0
0 0 0 0 2 0 0 3 0 0 2 0 0 0 16 0 0 0 8 0 0 0 0 0 0 4 0 0 0 0 0 1 0 0 0 0 0 0 2 8 0 0 0 0 0 0 2 1 1 0
1 0 0 0 3 0 0 2 0 0 2 0 1 0 14 0 0 0 7 0 0 0 0 0 0 5 0 0 0 0 0 1 0 0 0 0 0 0 1 9 0 0 0 0 0 0 2 1 1 0
1 0 0 0 3 0 0 3 0 0 1 0 2 0 14 0 2 0 7 0 0 0 0 0 0 3 0 0 0 0 0 0 0 0 0 0 0 0 0 9 0 0 0 0 0 0 3 1 1 0
1 0 0 0 2 0 0 2 0 0 0 0 2 0 15 0 2 0 7 0 0 0 0 0 0 3 0 1 0 1 0 0 0 0 0 0 0 0 0 9 0 0 0 0 0 0 4 1 0 0
1 0 0 0 2 0 0 4 0 0 0 0 1 0 16 0 2 0 5 0 0 0 0 0 0 3 0 1 0 1 0 0 0 0 0 0 0 0 0 8 0 0 0 0 0 0 6 0 0 0
0 0 0 0 2 0 0 4 0 0 0 0 1 0 17 0 2 0 5 0 0 0 0 0 0 3 0 1 0 0 0 0 0 0 0 0 0 0 0 10 0 0 0 0 0 0 5 0 0 0
0 0 0 0 5 0 0 3 0 0 0 0 1 1 16 0 1 0 5 0 0 0 0 0 0 4 0 2 0 0 0 0 0 0 0 0 0 0 0 8 0 0 0 0 0 0 4 0 0 0
0 0 0 0 5 0 0 3 0 0 0 0 1 2 17 0 1 0 5 0 0 0 0 0 0 3 0 2 0 0 0 0 0 0 0 0 0 0 0 8 0 0 0 0 0 0 3 0 0 0
0 0 0 0 6 0 0 2 0 0 0 0 1 2 16 0 0 0 5 0 0 0 0 0 1 3 0 3 0 0 0 0 0 0 0 0 0 0 0 9 0 0 0 0 0 0 2 0 0 0
0 0 0 0 8 0 0 2 0 0 0 0 1 1 15 0 0 0 5 0 0 0 0 0 1 4 0 3 0 0 0 0 0 0 0 0 0 0 0 9 0 0 0 0 0 0 1 0 0 0
0 0 0 0 11 0 0 1 0 0 0 0 1 0 10 0 0 0 5 0 0 0 0 0 1 5 0 4 0 0 0 0 0 0 0 0 0 0 0 10 0 0 0 0 0 0 1 1 0 0
0 0 0 0 15 0 0 0 0 0 0 0 1 0 11 0 0 0 3 0 0 0 0 0 1 5 0 3 0 0 0 0 0 0 0 0 0 0 0 9 0 0 0 0 0 0 1 1 0 0
0 0 0 0 15 0 0 0 0 0 0 0 0 3 10 0 0 0 3 0 0 0 0 0 1 4 0 3 0 0 0 0 1 0 0 0 0 2 0 6 0 0 0 0 0 0 1 1 0 0
0 0 0 0 15 0 0 0 0 0 0 0 0 2 9 0 0 0 3 0 1 0 0 0 2 3 0 3 0 0 0 0 1 0 0 0 0 2 0 9 0 0 0 0 0 0 0 0 0 0
0 0 0 0 15 0 0 0 0 0 0 2 0 2 11 0 0 0 3 0 0 0 0 0 2 3 0 1 0 0 0 0 0 1 0 0 0 3 0 7 0 0 0 0 0 0 0 0 0 0
0 0 0 0 12 0 0 0 0 0 0 2 0 2 14 0 0 0 4 0 0 0 0 0 2 3 0 1 0 0 0 0 0 0 0 0 0 3 0 7 0 0 0 0 0 0 0 0 0 0
0 0 0 0 12 0 0 0 0 0 0 1 0 0 15 0 0 0 3 1 0 0 0 0 4 3 0 1 0 0 0 0 0 0 0 0 0 3 0 7 0 0 0 0 0 0 0 0 0 0
0 0 0 0 15 0 0 0 0 0 0 1 0 0 13 0 0 0 3 1 0 0 0 0 3 4 0 1 0 0 0 0 0 0 0 0 0 3 0 6 0 0 0 0 0 0 0 0 0 0
0 0 0 0 16 0 0 0 0 0 0 1 0 0 11 0 0 0 2 2 0 0 0 0 2 5 0 1 0 0 0 0 0 0 0 0 0 4 0 6 0 0 0 0 0 0 0 0 0 0
0 0 0 0 15 0 0 0 0 0 0 1 0 0 10 0 0 0 1 1 0 0 0 0 1 5 0 2 0 0 0 0 0 0 0 0 0 4 0 10 0 0 0 0 0 0 0 0 0 0
0 0 0 0 12 0 0 0 0 0 0 1 0 0 9 0 0 0 2 0 2 0 0 0 1 7 0 2 0 0 0 0 0 0 0 0 0 3 0 11 0 0 0 0 0 0 0 0 0 0
0 0 0 0 11 0 0 0 0 0 0 1 0 0 10 0 0 0 1 0 1 0 0 0 1 5 0 2 0 0 0 0 0 0 0 0 0 4 0 12 0 1 0 0 0 1 0 0 0 0
0 0 0 0 11 0 0 0 0 0 0 1 0 0 10 0 0 1 0 0 1 0 0 0 1 4 0 4 0 0 0 0 0 0 0 0 0 7 0 9 0 1 0 0 0 0 0 0 0 0
0 0 0 0 9 0 0 0 0 0 0 1 0 0 12 0 0 0 0 0 1 0 0 0 1 4 0 5 0 0 0 0 0 0 0 0 0 6 1 9 0 1 0 0 0 0 0 0 0 0
0 0 0 0 9 0 0 0 0 0 0 2 0 0 12 0 0 0 2 0 1 0 0 0 1 5 0 5 0 0 0 0 0 0 0 0 0 5 1 7 0 0 0 0 0 0 0 0 0 0
1 0 0 0 7 0 0 0 0 0 0 1 0 0 11 0 0 0 3 0 1 0 0 0 1 7 0 5 0 0 0 0 0 0 1 0 0 3 2 7 0 0 0 0 0 0 0 0 0 0
0 0 0 0 5 0 0 0 0 0 0 1 0 0 13 0 1 0 2 0 1 0 0 0 0 5 1 5 0 0 0 0 0 0 1 0 0 3 1 11 0 0 0 0 0 0 0 0 0 0
0 0 0 1 3 0 0 0 0 0 0 1 0 0 17 0 1 0 1 0 1 0 0 0 0 5 1 5 0 0 0 0 0 0 0 0 0 3 0 11 0 0 0 0 0 0 0 0 0 0
0 0 0 1 1 0 0 0 0 0 0 1 0 0 14 0 1 0 2 0 2 0 0 0 0 6 1 4 0 0 0 0 0 0 0 0 0 3 0 14 0 0 0 0 0 0 0 0 0 0
0 0 0 1 2 0 0 0 0 0 0 1 0 0 20 0 1 0 0 0 2 0 0 0 0 5 1 3 0 0 0 0 0 0 0 0 0 4 0 10 0 0 0 0 0 0 0 0 0 0
0 0 0 1 2 0 0 0 0 0 0 1 0 0 21 0 0 0 0 0 1 0 0 0 0 5 1 2 0 0 0 0 0 0 0 0 0 5 0 11 0 0 0 0 0 0 0 0 0 0
0 0 0 1 2 0 0 0 0 0 0 2 0 0 20 0 0 0 0 0 1 0 0 0 0 6 1 2 0 0 0 0 0 0 0 0 0 7 0 8 0 0 0 0 0 0 0 0 0 0
0 0 0 1 1 0 0 0 0 0 0 0 0 0 18 0 0 0 0 0 2 0 0 0 0 7 1 3 0 0 0 0 0 0 0 0 0 7 0 10 0 0 0 0 0 0 0 0 0 0
0 0 0 2 2 0 0 0 0 0 0 0 0 0 21 0 0 0 0 0 2 0 0 0 0 8 1 3 0 1 0 0 0 0 0 0 0 6 0 4 0 0 0 0 0 0 0 0 0 0
0 0 0 4 1 0 0 0 0 0 0 0 0 0 22 0 0 0 0 0 1 0 0 0 0 6 0 5 0 1 0 0 0 0 0 0 0 6 0 4 0 0 0 0 0 0 0 0 0 0
0 0 0 3 1 0 0 0 0 0 0 0 0 0 21 0 0 0 0 0 1 0 0 0 0 5 0 5 0 1 0 0 0 0 0 0 0 8 0 4 0 0 0 0 1 0 0 0 0 0
0 0 0 2 2 0 0 0 0 0 0 0 0 0 18 0 0 0 0 0 1 0 0 0 0 5 0 7 0 0 0 0 0 0 0 0 0 9 0 4 0 0 0 0 2 0 0 0 0 0
0 0 0 2 2 0 0 0 0 0 0 0 0 0 18 0 0 0 0 0 1 0 0 0 0 5 0 6 0 1 0 0 0 0 0 0 0 9 0 4 0 0 1 0 1 0 0 0 0 0
0 0 0 1 2 0 0 0 0 0 0 0 0 0 17 0 0 0 0 0 2 0 0 0 0 6 0 5 0 1 0 0 0 0 0 0 0 10 0 4 0 0 1 0 1 0 0 0 0 0
0 0 0 1 2 0 0 0 0 0 0 0 0 0 17 0 0 0 0 0 1 0 0 0 0 5 0 5 0 1 0 0 0 0 0 0 0 11 0 3 0 0 1 0 3 0 0 0 0 0
0 0 0 2 4 0 0 0 0 0 0 0 0 0 16 0 0 0 0 0 1 0 0 0 0 4 0 3 0 1 0 0 0 0 0 0 0 13 0 3 0 0 1 0 2 0 0 0 0 0
0 0 0 2 4 0 0 0 0 0 0 0 0 0 15 0 0 0 0 0 1 0 0 0 0 4 0 3 0 1 1 0 0 0 0 0 0 13 0 3 0 0 1 0 2 0 0 0 0 0
0 0 0 2 4 0 0 0 0 0 0 0 0 0 14 0 0 0 0 0 1 1 0 0 0 5 0 1 0 1 0 0 0 0 0 0 0 15 0 3 0 0 1 0 2 0 0 0 0 0
0 0 0 2 4 0 0 1 0 0 0 0 0 0 13 1 0 0 0 0 1 1 0 0 0 6 0 1 0 1 0 0 0 0 0 0 0 13 0 2 0 0 1 0 3 0 0 0 0 0
0 0 0 2 4 0 0 1 0 0 0 0 0 0 12 1 0 0 0 0 1 1 0 0 0 6 0 1 0 1 0 0 0 0 0 1 0 10 0 2 0 0 2 0 5 0 0 0 0 0
0 0 0 1 5 0 0 1 0 0 0 0 0 0 10 0 0 0 0 0 1 1 0 0 0 10 0 1 0 1 0 0 0 0 0 1 0 10 0 2 0 0 2 0 3 1 0 0 0 0
0 0 0 1 5 0 0 3 0 0 0 0 0 0 9 0 0 0 0 0 0 1 0 0 0 10 0 1 0 0 0 0 0 0 0 1 0 13 0 2 0 0 2 0 2 0 0 0 0 0
0 0 0 1 3 0 0 3 0 0 0 0 0 0 11 0 0 0 0 0 0 1 0 0 0 11 0 1 0 0 0 0 0 0 0 1 0 10 0 2 0 0 5 0 1 0 0 0 0 0
0 0 0 1 3 0 0 2 0 0 0 0 0 0 12 0 0 0 0 0 0 0 0 0 0 10 0 1 0 0 0 0 0 0 0 2 0 9 0 1 0 0 7 0 2 0 0 0 0 0
0 0 0 1 3 1 0 2 0 0 0 0 0 0 10 0 0 0 0 0 0 0 0 0 0 10 0 2 0 0 1 0 0 0 0 3 0 9 0 1 0 0 6 0 1 0 0 0 0 0
0 0 0 0 6 2 0 0 0 0 0 0 0 0 8 0 0 0 0 0 0 0 0 0 0 13 0 2 0 0 1 0 0 0 0 2 0 8 0 1 0 0 6 0 1 0 0 0 0 0
0 0 0 0 7 1 0 0 0 0 0 0 0 0 7 0 0 0 0 0 0 0 0 0 0 13 0 2 0 0 0 0 0 0 1 2 0 7 1 1 0 0 6 0 2 0 0 0 0 0
0 0 0 0 5 0 0 0 0 0 0 0 0 0 6 0 0 0 0 0 0 0 0 0 0 15 0 3 0 0 0 0 0 0 1 3 0 5 1 1 0 0 8 0 2 0 0 0 0 0
0 0 0 0 7 0 0 0 0 0 0 0 0 0 5 0 0 0 0 0 0 0 0 0 0 13 0 3 0 0 0 0 0 0 1 4 0 6 1 1 0 0 8 0 1 0 0 0 0 0
0 0 0 0 5 0 0 0 0 0 0 0 0 0 4 0 0 0 0 0 0 0 0 0 0 12 0 1 0 0 0 0 0 0 1 5 0 9 1 2 0 0 9 0 1 0 0 0 0 0
0 0 0 0 5 0 0 0 0 0 0 0 0 0 7 0 0 0 0 0 0 0 0 0 0 12 0 0 0 0 0 0 0 0 2 4 0 7 1 2 0 0 10 0 0 0 0 0 0 0
0 0 0 0 5 0 0 0 0 0 0 0 0 0 7 0 0 0 0 0 0 0 0 0 0 15 0 0 0 0 0 0 0 0 2 5 0 4 1 2 0 0 9 0 0 0 0 0 0 0
0 0 0 0 4 0 0 0 0 0 0 0 0 0 5 0 0 0 0 0 0 0 0 0 0 17 0 0 0 1 0 0 0 0 3 4 0 5 1 2 0 1 7 0 0 0 0 0 0 0
0 0 0 0 5 0 0 0 0 0 0 1 0 0 5 0 0 0 0 0 0 0 0 0 0 13 0 0 0 0 0 0 0 0 3 5 0 6 1 2 0 1 8 0 0 0 0 0 0 0
0 0 0 0 3 0 0 0 0 0 0 1 0 0 6 1 0 0 0 0 0 0 0 0 0 14 0 0 0 0 0 0 0 0 2 6 1 7 0 0 0 1 8 0 0 0 0 0 0 0
0 0 0 0 4 0 0 0 0 0 0 1 0 0 8 1 0 0 0 0 0 0 0 0 0 12 0 0 0 0 0 0 0 0 1 6 1 9 0 0 0 1 6 0 0 0 0 0 0 0
0 0 0 0 3 0 0 0 0 0 0 1 0 0 7 2 0 0 0 0 0 0 0 0 0 11 0 0 0 0 0 0 0 0 0 8 1 10 0 0 0 0 7 0 0 0 0 0 0 0
0 0 1 0 3 0 0 0 0 0 0 1 0 0 6 1 0 0 0 0 0 0 0 0 0 12 0 0 0 0 0 0 0 0 0 9 2 11 0 0 0 0 4 0 0 0 0 0 0 0
0 0 1 0 3 0 0 0 0 0 0 1 0 0 7 1 0 0 0 0 0 0 0 0 0 12 0 0 0 0 0 0 0 0 0 5 2 12 0 0 0 0 6 0 0 0 0 0 0 0
0 0 1 0 3 0 0 0 0 1 0 0 0 0 7 1 0 0 0 0 0 0 0 0 0 9 0 0 0 0 0 0 0 0 0 4 2 16 0 0 0 0 6 0 0 0 0 0 0 0
0 0 1 0 3 0 1 0 0 1 0 0 2 0 7 0 0 0 0 0 0 0 0 0 0 8 0 0 0 0 0 0 0 0 0 4 2 16 0 0 0 0 5 0 0 0 0 0 0 0
0 0 1 0 2 0 0 0 0 1 0 0 3 0 7 0 0 0 0 0 0 0 0 0 2 9 0 0 0 0 0 0 0 0 0 3 3 16 0 0 0 0 3 0 0 0 0 0 0 0
0 0 1 0 4 0 0 0 0 1 0 0 2 0 5 0 0 1 0 0 0 0 0 0 3 11 0 0 0 0 0 0 0 0 0 2 3 14 0 0 0 0 3 0 0 0 0 0 0 0
0 0 0 0 4 0 0 0 0 0 0 0 1 0 4 0 0 1 0 0 0 0 0 0 5 12 0 0 0 0 0 0 0 0 0 3 2 14 0 0 0 0 3 0 0 0 0 0 0 1
0 0 0 0 3 0 0 0 0 0 0 0 1 0 4 0 0 2 0 0 0 0 0 0 4 11 0 0 0 0 0 0 0 0 0 4 3 14 0 0 0 0 3 0 0 0 0 0 0 1
0 0 0 0 2 1 0 0 0 0 0 0 1 0 4 0 0 2 0 0 0 0 0 0 4 9 0 0 0 0 0 0 0 0 0 5 3 15 0 0 0 0 3 0 0 0 0 0 0 1
0 0 0 0 1 1 0 0 0 0 0 0 1 0 7 0 0 3 0 0 0 0 0 0 4 8 0 0 0 0 0 0 0 0 0 6 3 14 0 0 0 0 1 0 0 0 0 0 0 1
0 0 0 0 1 1 0 0 0 0 0 0 1 0 8 0 0 3 0 0 0 0 0 0 4 6 0 0 0 0 0 0 0 0 0 8 3 14 0 0 0 0 0 0 0 0 0 0 0 1
0 0 0 0 1 1 0 0 0 0 0 0 1 0 9 0 0 4 0 0 0 0 0 0 6 4 0 0 0 0 0 0 0 0 0 6 5 12 0 0 0 0 0 0 0 0 0 0 0 1
0 0 0 0 1 0 0 0 0 0 0 0 0 0 12 0 0 3 0 0 0 0 0 0 7 3 0 0 0 1 0 0 0 0 0 6 4 12 0 0 0 0 0 0 0 0 0 0 0 1
0 0 0 0 1 0 0 0 0 0 0 0 0 0 10 0 0 1 0 0 0 0 0 0 6 2 0 0 0 0 0 0 0 0 1 5 3 18 0 0 2 0 0 0 0 0 0 0 0 1
0 0 0 0 0 0 0 0 0 0 0 0 0 0 9 0 0 1 0 0 0 0 0 0 6 2 0 0 0 0 0 0 0 0 0 6 1 21 0 0 3 0 0 0 0 0 0 0 0 1
0 0 0 0 0 0 0 0 0 0 0 0 0 0 7 0 0 2 0 0 0 0 0 0 9 2 0 0 0 0 0 0 0 0 0 6 1 21 0 0 1 0 0 0 0 0 0 0 0 1
0 0 0 0 0 0 0 0 0 0 0 0 0 0 4 0 0 3 0 0 0 0 0 0 12 2 0 0 0 0 0 0 0 0 0 6 2 20 0 0 0 0 0 0 0 0 0 0 0 1
0 0 0 0 0 0 0 0 0 0 0 0 0 1 5 0 0 3 0 0 0 0 0 0 11 2 0 0 0 0 0 0 0 0 0 6 1 21 0 0 0 0 0 0 0 0 0 0 0 0
0 0 0 0 0 0 0 0 0 0 0 0 0 2 3 0 0 3 0 0 0 0 0 0 11 3 0 0 0 0 0 0 0 0 0 4 1 22 0 0 0 0 0 0 0 0 1 0 0 0
0 0 0 0 0 0 0 0 0 0 0 0 0 2 3 0 0 3 0 0 0 0 0 0 12 2 0 0 0 0 0 0 0 0 0 3 1 23 0 0 0 0 0 0 0 0 1 0 0 0
0 0 0 0 0 0 0 0 0 1 0 0 0 2 3 0 0 1 0 0 0 0 0 0 13 3 0 0 0 0 0 0 0 0 0 3 1 19 0 0 0 0 0 0 0 1 3 0 0 0
0 0 0 0 0 0 0 0 0 1 0 0 0 1 3 0 0 2 0 0 0 0 0 0 13 1 0 0 0 0 0 0 0 1 0 2 1 21 0 0 0 0 0 0 0 1 3 0 0 0
0 0 0 0 0 0 0 0 0 1 0 0 0 1 2 0 0 2 0 0 0 0 0 0 15 1 0 0 0 0 0 0 0 0 0 2 1 22 0 0 0 0 0 0 0 1 2 0 0 0
0 0 0 0 0 0 0 0 0 1 0 0 0 1 3 0 0 2 0 0 0 0 0 0 19 0 0 0 0 0 0 0 0 0 0 3 1 18 0 0 0 0 0 0 0 1 1 0 0 0
0 1 0 0 0 0 0 0 0 2 0 0 0 0 4 0 0 4 0 0 0 0 0 0 13 0 0 0 0 0 0 0 0 0 0 3 0 20 0 0 0 0 0 0 0 2 1 0 0 0
0 2 0 0 0 0 0 0 0 2 0 0 0 0 3 0 0 5 0 0 0 0 0 0 14 0 0 0 0 0 0 0 0 0 0 2 0 20 0 0 0 0 0 0 0 2 0 0 0 0
0 3 0 0 0 0 0 0 0 2 0 0 0 0 4 0 0 7 0 0 0 0 0 0 13 0 0 0 0 0 0 0 0 0 0 2 0 17 0 0 0 0 0 0 0 2 0 0 0 0
0 2 0 0 0 0 0 0 0 2 0 0 0 0 3 0 0 5 0 0 0 0 1 0 14 0 0 0 1 0 0 0 0 0 0 2 0 18 0 0 0 0 0 0 0 2 0 0 0 0
0 1 0 0 1 0 0 0 0 2 0 0 0 0 2 0 0 5 0 0 0 0 1 0 15 0 0 0 0 0 0 0 0 0 0 4 0 18 0 0 0 0 0 0 0 1 0 0 0 0
0 1 0 0 1 0 0 0 0 2 0 1 0 0 1 0 0 6 0 0 0 0 2 0 14 0 0 0 0 0 0 0 0 0 0 3 0 18 0 0 0 0 0 0 0 1 0 0 0 0
0 1 0 0 1 0 0 0 0 3 0 1 0 0 2 0 0 6 0 0 0 0 3 0 10 0 0 0 0 0 0 0 0 0 0 3 0 16 3 0 0 0 0 0 0 1 0 0 0 0
0 1 0 0 1 0 0 0 0 3 0 1 0 0 1 0 0 5 0 0 0 0 3 0 11 0 0 0 0 0 0 0 0 0 0 5 0 12 7 0 0 0 0 0 0 0 0 0 0 0
0 2 0 0 1 0 0 0 0 3 0 1 0 0 1 0 0 3 0 0 0 0 4 0 11 0 0 0 0 0 0 0 0 0 0 5 0 13 6 0 0 0 0 0 0 0 0 0 0 0
0 4 0 0 1 0 0 0 0 3 0 2 0 0 1 0 0 5 0 0 0 0 4 0 8 0 0 0 0 0 0 0 0 0 0 6 0 12 4 0 0 0 0 0 0 0 0 0 0 0
0 5 0 0 1 0 0 0 0 3 0 0 0 0 0 0 0 6 0 0 0 0 4 0 9 0 0 0 0 0 0 0 0 0 0 5 0 14 3 0 0 0 0 0 0 0 0 0 0 0
0 6 0 0 0 0 0 0 0 3 0 0 0 0 0 0 0 4 0 0 0 0 3 0 11 0 0 0 0 0 0 0 0 0 0 6 0 14 3 0 0 0 0 0 0 0 0 0 0 0
0 7 0 0 0 0 0 0 0 3 0 0 0 0 0 0 0 2 0 0 1 0 2 0 10 0 0 0 0 0 0 0 0 0 0 8 0 15 2 0 0 0 0 0 0 0 0 0 0 0
0 7 0 0 0 0 0 0 0 3 0 0 0 0 0 0 0 2 0 0 1 0 1 0 10 0 0 0 0 0 0 0 0 0 0 12 0 13 1 0 0 0 0 0 0 0 0 0 0 0
0 7 0 0 0 0 0 0 0 2 0 0 0 0 0 0 0 3 0 0 2 0 2 0 10 0 0 0 0 0 0 0 0 0 0 12 0 10 1 0 0 1 0 0 0 0 0 0 0 0
0 9 0 0 0 0 0 0 1 2 0 0 0 0 0 0 0 1 0 0 2 0 3 0 10 0 0 0 0 0 0 0 0 0 0 11 0 7 1 0 0 3 0 0 0 0 0 0 0 0
0 10 0 0 0 0 0 0 1 2 0 0 0 0 0 0 0 1 0 0 2 2 2 0 11 0 0 0 0 0 0 0 0 0 0 10 0 6 1 0 0 2 0 0 0 0 0 0 0 0
0 11 0 0 0 0 0 0 0 1 0 0 0 0 0 0 0 1 0 0 1 2 4 0 8 0 1 0 0 0 0 0 0 0 0 11 0 7 1 0 0 2 0 0 0 0 0 0 0 0
0 9 0 0 0 0 0 0 0 1 0 0 0 0 0 0 0 1 0 0 1 2 2 0 7 0 1 0 0 0 0 0 0 0 0 12 0 8 2 0 0 4 0 0 0 0 0 0 0 0
0 10 0 0 0 0 0 0 0 2 0 0 0 0 0 0 0 0 0 0 0 1 1 0 8 0 2 0 0 0 0 0 0 0 0 13 0 7 1 0 0 4 0 0 1 0 0 0 0 0
0 9 0 0 0 0 0 0 0 2 0 0 0 0 0 0 0 0 0 0 0 1 1 0 8 0 2 0 0 0 0 0 0 0 0 12 0 6 1 0 0 4 0 0 3 0 0 0 0 1
0 8 0 0 0 0 0 0 0 1 0 0 0 0 0 0 0 0 0 0 0 1 0 0 9 0 2 0 0 0 0 0 0 0 0 12 0 10 1 0 0 3 0 0 2 0 0 0 0 1
0 8 0 0 0 0 0 0 0 2 0 0 0 0 0 0 0 0 1 0 0 1 0 0 7 0 2 0 0 0 0 0 0 0 0 13 0 11 1 0 0 2 0 0 2 0 0 0 0 0
0 9 0 0 0 0 0 0 0 1 0 0 0 0 0 0 0 0 1 0 0 1 0 0 5 0 3 0 0 0 0 0 0 0 0 12 1 13 1 0 0 1 0 0 2 0 0 0 0 0
0 10 0 0 0 0 0 0 0 1 0 0 0 0 0 0 0 0 2 0 0 1 0 0 5 0 3 0 0 0 0 0 0 0 0 14 1 8 1 1 0 1 0 1 1 0 0 0 0 0
0 11 0 0 0 0 0 0 0 1 0 0 0 0 0 0 0 0 4 0 0 1 0 0 8 0 2 0 0 0 0 0 0 0 0 12 1 6 1 0 0 1 0 1 1 0 0 0 0 0
0 12 0 0 0 0 0 0 0 0 0 0 0 0 0 0 0 0 4 0 0 1 0 0 7 0 2 0 0 0 0 0 0 0 0 12 1 5 1 0 0 4 0 0 1 0 0 0 0 0
0 10 0 0 0 0 0 0 0 0 0 1 0 0 0 0 0 0 3 1 0 0 0 0 6 0 2 0 0 0 0 0 0 0 0 17 1 4 1 0 0 3 0 0 1 0 0 0 0 0
0 15 0 0 0 0 0 0 0 0 0 2 0 0 0 0 0 0 2 0 0 0 0 0 6 0 1 0 0 0 0 0 0 0 0 14 1 3 3 0 0 2 0 0 1 0 0 0 0 0
0 14 0 0 0 0 0 0 0 0 0 1 0 0 0 0 0 0 0 0 1 0 0 0 6 0 2 0 0 0 0 0 0 0 0 12 2 3 5 0 0 2 0 0 1 0 0 1 0 0
0 16 0 0 0 0 0 0 0 0 0 0 0 0 0 0 0 0 0 0 1 0 0 0 5 0 2 0 0 0 0 0 0 0 0 10 2 3 8 0 0 1 0 0 1 0 0 1 0 0
0 14 0 0 0 0 0 0 0 0 0 0 0 0 0 0 0 0 0 0 1 0 0 0 4 0 2 0 0 0 0 0 0 0 0 13 1 3 6 0 1 1 0 0 2 0 0 2 0 0
0 15 0 0 0 0 0 0 0 0 0 0 0 0 0 0 0 0 0 0 1 0 0 0 2 0 3 0 0 0 0 0 0 0 0 15 1 3 8 0 0 0 0 0 1 0 0 1 0 0
0 17 0 0 0 0 0 0 0 0 0 0 0 0 0 0 0 0 0 0 1 0 0 0 2 0 3 0 0 0 0 0 0 0 0 14 2 2 8 0 0 0 0 0 0 0 0 1 0 0
0 19 1 0 0 0 0 0 0 0 0 0 0 0 0 0 0 0 0 0 1 1 0 0 2 0 3 0 0 0 0 0 0 0 0 11 1 5 5 0 0 0 0 0 0 0 0 1 0 0
0 21 1 0 0 0 0 1 0 0 0 0 0 0 0 0 0 0 0 0 1 2 0 0 2 0 1 0 0 0 0 0 0 0 0 10 1 3 6 0 0 0 0 0 0 0 0 1 0 0
0 21 1 0 0 0 0 2 0 0 0 0 0 0 0 0 0 0 0 0 0 2 0 0 2 0 1 0 0 0 0 0 0 0 0 10 0 2 6 0 0 0 0 0 0 0 0 3 0 0
0 22 0 0 0 0 0 2 0 1 0 0 0 0 0 0 0 0 0 0 0 3 0 0 1 0 1 0 0 0 0 0 0 0 0 9 0 3 6 0 0 0 0 0 0 0 0 2 0 0
0 17 0 0 0 0 0 2 0 0 0 0 0 0 0 0 0 0 0 0 0 5 0 0 2 0 1 0 0 0 0 0 0 0 0 13 0 3 5 0 0 0 0 0 0 0 0 2 0 0
0 16 0 0 0 0 0 3 0 0 0 0 0 0 0 0 0 0 0 0 0 6 0 0 1 0 1 0 0 0 0 0 0 0 0 11 0 3 7 0 0 0 0 0 0 0 0 2 0 0
0 15 0 0 0 0 0 3 0 0 0 0 0 0 0 0 0 0 0 0 0 6 0 0 1 0 1 0 0 0 0 0 0 0 0 12 0 2 8 0 0 0 0 0 0 0 0 2 0 0
0 19 0 0 0 0 0 3 0 0 1 0 0 0 0 0 0 0 0 0 0 1 0 0 0 0 2 0 0 0 0 0 0 0 0 13 0 2 7 0 0 0 0 0 0 0 0 2 0 0
0 18 0 0 0 0 0 3 0 0 1 0 0 0 0 0 0 0 0 0 0 1 0 0 0 0 1 0 0 0 0 0 0 0 0 14 0 2 6 0 0 0 0 2 0 0 0 2 0 0
0 20 0 0 0 0 0 2 0 0 1 0 0 0 0 0 0 0 0 0 0 1 0 0 0 0 1 0 0 0 0 0 0 0 1 10 0 3 6 0 0 0 0 3 0 0 0 2 0 0
0 20 0 0 1 0 0 2 0 0 2 0 0 0 0 0 0 0 0 0 0 2 0 0 0 0 1 0 0 0 0 0 0 0 1 7 0 3 6 0 0 0 0 3 0 0 0 2 0 0
0 23 0 0 1 0 0 2 0 0 2 0 0 0 0 0 0 0 0 0 0 2 0 0 0 0 1 0 0 1 0 0 0 0 2 4 0 4 5 0 0 0 0 1 0 0 0 2 0 0
0 21 0 0 2 0 0 5 0 0 3 0 0 0 0 0 0 0 0 0 0 2 0 0 0 0 1 0 0 1 0 0 0 0 2 3 0 4 4 0 0 0 0 0 0 0 0 2 0 0
0 19 0 0 1 0 0 4 0 0 3 0 0 0 0 0 0 0 0 0 0 2 0 0 0 0 1 0 0 1 0 0 0 0 1 5 0 4 5 0 0 0 0 0 0 0 0 3 0 1
0 16 0 0 1 0 0 3 0 0 2 0 0 0 0 0 0 0 0 0 0 3 0 0 0 0 1 0 0 1 0 0 0 0 1 7 0 4 8 0 0 0 0 0 0 0 0 2 0 1
0 17 0 0 1 0 0 3 0 0 1 0 0 0 0 0 0 0 0 0 0 3 0 0 0 0 1 0 0 1 0 0 0 0 2 8 0 4 6 0 0 0 0 0 0 0 0 2 0 1
0 17 0 0 1 0 0 3 0 0 2 0 0 0 0 0 0 0 0 0 0 4 0 0 0 0 0 0 0 1 0 0 0 0 2 7 0 4 5 0 0 0 0 0 0 0 2 1 0 1
0 16 1 0 1 0 0 3 1 0 2 0 0 0 0 0 0 0 0 0 0 4 0 0 0 2 0 0 0 1 0 0 0 0 3 6 0 4 3 0 0 0 0 0 0 0 1 1 0 1
0 18 1 0 0 0 0 3 1 0 3 0 0 0 0 0 0 0 0 0 0 3 0 0 0 3 0 0 0 0 0 0 0 0 3 5 0 5 3 0 0 0 0 0 0 0 1 0 0 1
0 20 1 0 0 0 0 4 1 0 3 0 0 0 0 0 0 0 0 0 0 2 0 0 0 2 0 0 0 0 0 0 0 0 2 5 0 5 2 0 0 0 0 0 0 0 1 0 0 2
0 18 2 0 0 1 0 3 2 0 3 0 0 0 0 0 0 0 0 0 0 1 0 0 0 1 0 0 0 0 0 0 0 0 2 5 0 6 3 0 0 0 0 0 0 0 1 0 0 2
0 16 1 0 0 1 0 2 3 0 3 0 0 0 0 0 0 0 0 0 0 1 0 0 0 1 1 0 0 0 0 0 0 0 4 6 0 5 3 0 0 0 0 1 0 0 0 0 0 2
0 13 0 0 0 4 0 3 3 0 5 0 0 2 0 0 0 0 0 0 0 1 0 0 0 0 1 0 0 0 0 0 0 0 5 4 0 5 3 0 0 0 0 1 0 0 0 0 0 0
0 12 0 0 0 3 0 2 5 0 7 0 0 2 0 0 0 0 0 0 0 1 0 0 0 0 1 0 0 0 0 0 0 0 5 6 0 2 3 0 1 0 0 0 0 0 0 0 0 0
0 11 0 0 0 3 0 1 6 0 7 0 0 2 0 0 0 0 0 0 0 1 0 0 0 0 2 0 0 0 0 0 0 0 4 8 0 1 4 0 0 0 0 0 0 0 0 0 0 0
0 8 0 0 0 4 0 1 6 0 7 0 0 2 0 0 0 0 0 0 0 1 0 0 0 0 3 0 0 0 1 0 0 0 4 6 0 3 4 0 0 0 0 0 0 0 0 0 0 0
0 10 0 0 0 3 0 1 4 0 7 0 0 1 0 0 0 0 0 0 0 0 0 0 0 0 5 0 0 0 1 0 0 0 6 5 0 3 4 0 0 0 0 0 0 0 0 0 0 0
0 8 0 0 0 4 0 1 2 0 12 0 0 1 0 0 0 0 0 0 0 0 0 0 0 0 6 0 0 0 1 0 0 0 6 5 0 2 2 0 0 0 0 0 0 0 0 0 0 0
0 7 0 0 0 4 0 1 2 0 14 0 0 1 0 0 0 0 0 0 0 0 0 0 0 0 5 0 0 0 1 0 0 0 7 3 0 2 1 0 0 1 0 0 1 0 0 0 0 0
0 7 0 0 0 5 0 1 1 0 14 0 0 1 0 0 0 0 0 1 0 0 0 1 0 0 5 0 0 0 2 0 0 0 8 2 0 1 1 0 0 0 0 0 0 0 0 0 0 0
0 7 0 0 0 6 0 1 1 0 16 0 0 1 0 0 0 0 0 1 0 0 0 1 0 0 3 0 0 0 1 0 0 0 8 1 0 2 1 0 0 0 0 0 0 0 0 0 0 0
0 10 0 0 0 6 0 1 1 0 15 0 0 0 0 0 0 0 0 1 0 0 0 1 0 0 3 0 0 0 1 0 0 0 6 2 0 2 1 0 0 0 0 0 0 0 0 0 0 0
0 9 0 0 0 6 0 1 0 0 14 0 0 0 0 0 0 0 0 1 0 0 0 1 0 0 7 0 0 0 1 0 0 0 6 2 0 1 1 0 0 0 0 0 0 0 0 0 0 0
0 11 0 0 0 7 0 2 0 0 12 0 0 0 0 0 0 0 0 1 0 0 0 1 0 0 6 0 0 0 1 0 0 0 6 2 0 1 0 0 0 0 0 0 0 0 0 0 0 0
0 12 0 0 0 7 0 2 0 0 11 0 0 0 0 0 0 0 0 1 0 0 0 1 0 0 7 0 0 0 1 0 0 0 6 1 0 1 0 0 0 0 0 0 0 0 0 0 0 0
0 10 0 0 0 7 0 2 0 0 8 0 0 0 0 0 0 0 0 1 0 0 0 0 0 0 7 0 0 0 1 0 0 0 8 3 0 3 0 0 0 0 0 0 0 0 0 0 0 0
0 6 0 0 0 7 0 6 0 0 8 0 0 0 0 0 0 0 0 1 0 0 0 0 0 0 6 0 0 0 0 0 0 0 9 4 0 3 0 0 0 0 0 0 0 0 0 0 0 0
0 6 0 0 0 8 0 5 0 0 8 0 0 0 0 0 0 0 0 1 0 0 2 0 0 0 5 0 0 0 0 0 0 0 7 5 0 3 0 0 0 0 0 0 0 0 0 0 0 0
0 6 0 0 0 5 0 7 0 0 8 0 0 0 0 0 0 0 0 2 0 0 1 0 0 0 5 0 0 0 0 0 0 0 8 5 0 3 0 0 0 0 0 0 0 0 0 0 0 0
0 5 0 0 0 5 0 9 0 0 5 0 0 0 0 0 0 0 0 1 0 0 1 0 0 0 8 0 0 0 0 0 0 0 8 4 0 3 0 0 1 0 0 0 0 0 0 0 0 0
0 7 0 0 0 4 0 12 0 0 3 0 0 0 0 0 0 0 0 1 0 0 1 0 0 0 8 0 0 0 0 0 0 0 4 6 0 3 0 0 1 0 0 0 0 0 0 0 0 0
0 5 0 0 0 4 0 18 0 0 3 0 0 0 0 0 0 0 0 0 0 0 1 0 0 0 7 0 0 0 0 0 0 0 2 6 0 3 0 0 0 0 0 0 1 0 0 0 0 0
0 5 0 0 0 4 0 17 0 0 2 0 0 0 0 0 0 0 0 0 0 0 0 0 0 0 7 0 0 0 0 0 0 0 3 7 0 3 0 0 0 0 0 0 2 0 0 0 0 0
0 6 0 0 0 4 0 19 0 0 1 0 0 0 0 0 0 0 0 1 0 0 0 0 0 0 4 0 0 0 0 0 0 0 2 6 0 4 0 0 0 0 0 0 3 0 0 0 0 0
0 7 0 0 0 4 0 17 0 0 1 0 0 0 0 0 1 0 0 1 0 0 0 0 0 0 6 0 0 0 0 0 0 0 2 4 0 2 0 0 0 0 0 0 5 0 0 0 0 0
0 5 0 0 0 4 0 20 0 0 1 0 0 0 0 0 1 0 0 0 0 0 1 0 0 0 7 0 0 0 0 0 0 0 2 3 0 1 0 0 0 0 0 0 5 0 0 0 0 0
0 5 0 0 0 4 0 16 0 0 2 0 0 0 0 0 2 0 0 0 0 0 1 0 0 0 6 0 0 0 0 0 0 0 1 4 0 1 0 0 0 0 0 0 8 0 0 0 0 0
0 6 0 0 0 4 0 15 0 0 3 0 0 0 0 0 2 0 0 0 0 0 1 0 0 0 3 0 0 0 0 0 0 0 0 5 0 1 0 0 0 0 0 0 10 0 0 0 0 0
0 5 0 0 1 4 0 15 0 0 3 0 0 0 0 0 1 0 0 0 0 0 1 0 0 0 4 0 0 0 0 0 0 0 0 5 0 1 0 0 0 0 0 0 9 0 0 0 0 1
0 6 0 0 2 3 0 15 0 0 5 0 0 0 0 0 1 0 0 0 0 0 1 0 0 0 3 0 0 0 0 0 0 0 0 5 0 1 0 0 0 0 0 0 8 0 0 0 0 0
0 5 0 0 2 3 0 15 0 0 4 0 0 0 0 0 2 0 0 0 0 0 0 0 0 0 5 0 0 0 0 0 0 0 0 3 0 1 0 0 0 0 0 0 10 0 0 0 0 0
0 4 0 0 2 2 0 16 0 0 4 0 0 0 0 0 2 0 0 0 0 0 0 0 0 0 7 0 0 0 0 0 0 0 0 3 0 0 0 0 0 0 0 0 10 0 0 0 0 0
0 6 0 0 1 1 0 17 0 0 3 0 0 0 0 0 2 0 0 0 0 0 0 0 0 0 6 0 0 0 0 0 0 0 0 3 0 0 0 0 0 0 0 0 11 0 0 0 0 0
0 6 0 0 1 1 0 18 0 0 2 0 0 0 0 0 1 0 0 0 0 0 0 0 0 0 6 0 0 0 0 0 0 0 0 1 0 0 0 0 0 0 0 0 14 0 0 0 0 0
0 7 0 0 1 1 0 17 0 0 0 0 0 0 0 0 1 0 0 0 0 0 0 0 0 0 7 0 0 0 0 0 0 0 0 1 0 0 0 0 0 0 0 0 15 0 0 0 0 0
0 6 0 0 0 2 0 19 0 0 1 0 0 0 0 0 1 0 0 0 0 0 0 0 0 0 8 0 0 0 0 0 0 0 0 0 0 0 0 0 0 0 0 0 13 0 0 0 0 0
0 4 0 0 0 2 0 17 0 1 1 0 0 0 0 0 1 0 0 0 0 0 0 0 0 0 5 0 0 0 0 0 0 0 0 0 0 0 0 0 0 0 0 0 17 2 0 0 0 0
0 3 0 0 0 2 0 15 0 1 0 0 0 0 0 0 1 0 0 0 0 0 0 0 0 0 5 0 0 0 0 0 0 0 0 0 0 0 0 0 0 0 0 0 22 1 0 0 0 0
0 3 0 0 0 1 0 14 1 0 0 0 0 0 0 0 1 0 0 0 0 0 0 0 0 0 3 0 0 0 0 0 0 0 0 0 0 0 0 0 0 0 0 0 26 1 0 0 0 0
0 4 0 0 0 1 0 13 2 0 0 0 0 0 1 0 3 0 0 0 0 0 0 0 0 0 2 0 0 0 0 0 0 0 0 0 0 0 0 0 0 0 0 0 24 0 0 0 0 0
0 5 0 0 0 1 0 11 2 0 0 0 0 0 2 0 2 0 0 0 0 0 0 0 0 0 2 0 0 0 0 0 0 0 0 0 0 0 0 0 0 0 0 0 24 1 0 0 0 0
0 5 0 0 0 1 0 9 4 0 0 0 0 0 1 0 3 0 0 0 0 0 0 0 0 0 1 0 0 0 0 0 0 0 0 0 0 0 0 3 0 0 0 0 22 1 0 0 0 0
0 3 0 0 0 0 0 10 5 0 0 0 0 0 2 0 2 0 0 0 0 0 0 0 0 0 1 0 0 0 0 0 0 0 0 0 0 0 0 2 0 0 0 0 23 2 0 0 0 0
0 5 0 0 0 0 0 8 5 0 0 0 0 0 3 0 1 0 0 0 0 0 0 0 0 0 1 0 0 0 0 0 0 0 0 0 0 0 0 3 0 0 0 0 20 3 0 0 0 1
0 4 0 0 0 1 0 10 3 0 0 0 0 0 3 0 1 0 0 0 0 0 0 0 0 0 0 0 0 0 0 0 0 0 0 0 0 0 0 3 0 0 0 0 19 4 0 0 0 2
0 3 0 0 0 0 0 12 3 0 0 0 0 0 2 0 2 0 0 0 0 0 1 0 0 0 0 0 0 0 0 0 0 0 0 0 0 0 0 6 0 0 0 0 15 4 0 0 0 2
0 5 0 0 0 0 0 10 2 0 0 0 0 0 2 0 2 0 2 0 0 0 1 0 0 0 0 0 0 0 0 0 0 0 0 0 0 0 0 3 0 0 0 0 18 4 0 0 0 1
0 4 0 0 0 0 0 10 2 0 0 0 0 0 2 0 3 0 2 0 0 0 0 0 0 0 0 0 0 0 0 0 0 0 0 0 0 0 0 4 0 0 0 0 19 3 0 0 0 1
0 5 0 0 0 0 0 10 3 0 0 0 0 0 2 0 2 0 2 0 0 0 0 0 0 0 0 0 0 0 0 0 0 0 0 0 0 0 0 3 0 0 0 0 19 3 0 0 0 1
0 7 0 0 0 0 0 9 2 0 0 0 0 0 2 0 1 0 2 0 0 0 0 0 0 0 0 0 0 0 0 0 0 0 0 0 0 0 0 4 0 0 0 0 21 1 0 0 0 1
0 8 0 0 0 0 0 8 2 0 0 0 0 0 1 0 1 0 1 0 0 0 0 0 0 0 0 0 0 0 0 0 0 0 0 0 0 0 0 7 0 0 0 0 22 0 0 0 0 0
0 7 0 0 0 0 0 8 1 0 0 0 0 0 1 0 2 0 0 0 0 0 0 0 0 0 0 0 0 0 0 0 0 0 0 0 0 0 0 7 0 0 0 0 24 0 0 0 0 0
0 6 0 0 0 0 0 8 2 0 0 0 0 0 0 0 2 0 0 0 0 0 0 0 0 0 0 0 0 0 0 0 0 0 0 0 0 0 0 8 0 0 0 0 24 0 0 0 0 0
0 5 0 0 0 0 0 7 2 0 0 0 1 0 0 0 3 0 0 0 0 0 0 0 0 0 0 0 0 0 0 0 0 0 0 0 0 0 0 6 0 0 0 1 25 0 0 0 0 0
0 4 0 0 0 0 0 8 2 0 0 0 1 0 0 1 5 0 0 0 0 0 0 0 0 0 0 0 0 0 0 0 0 0 0 0 0 0 0 5 0 0 0 2 22 0 0 0 0 0
0 4 0 0 0 0 0 9 1 0 0 0 1 0 0 1 5 0 0 0 0 0 0 0 0 0 0 0 0 1 0 0 0 0 0 0 0 0 0 3 0 0 0 2 23 0 0 0 0 0
0 2 0 0 0 0 0 7 1 0 0 0 1 0 0 1 5 0 0 0 0 0 0 0 0 0 0 0 0 2 0 0 0 0 0 0 0 0 0 5 0 0 0 1 25 0 0 0 0 0
0 2 0 0 0 0 0 6 1 0 0 0 1 0 0 1 5 0 0 0 0 0 0 0 0 0 0 0 0 2 0 0 0 1 0 0 0 0 0 5 0 0 0 1 24 1 0 0 0 0
0 2 0 0 0 0 0 6 2 0 0 0 2 0 0 1 6 0 0 0 0 0 0 0 0 0 0 0 0 1 0 1 0 1 0 0 0 0 0 4 0 0 0 1 22 1 0 0 0 0
0 1 0 0 0 0 0 11 1 0 0 0 2 0 0 0 4 0 0 0 0 0 0 0 0 0 0 0 0 1 0 1 0 0 0 0 0 0 0 3 0 0 0 0 25 1 0 0 0 0
0 1 0 0 0 0 0 8 1 0 0 0 2 0 0 0 1 0 0 0 0 0 0 0 0 0 0 0 0 1 0 1 0 0 0 1 0 0 0 3 0 0 0 0 29 2 0 0 0 0
0 1 0 0 0 0 0 8 1 0 0 0 3 1 0 0 1 0 0 0 0 0 0 0 0 0 1 0 0 0 0 1 0 0 0 0 0 0 0 2 2 0 0 0 26 3 0 0 0 0
0 1 0 0 0 0 0 9 1 0 0 0 4 1 0 0 2 0 0 0 0 0 0 0 0 0 0 0 0 0 0 1 0 0 0 1 0 0 0 2 3 0 0 0 22 3 0 0 0 0
0 1 0 0 0 0 0 11 1 0 0 0 4 0 0 0 2 0 0 0 0 0 0 0 0 0 0 0 0 0 0 0 0 0 0 1 0 0 0 3 4 0 0 0 22 1 0 0 0 0
0 1 0 1 0 0 0 10 1 0 0 0 4 0 0 0 2 0 0 0 0 0 0 0 0 0 0 0 0 0 0 0 0 0 0 1 0 0 1 5 2 0 0 0 20 2 0 0 0 0
0 1 0 1 0 0 0 10 0 0 0 0 4 0 0 0 1 0 0 0 0 0 0 0 0 0 0 0 0 0 0 0 0 0 0 1 0 0 1 5 3 0 0 0 22 1 0 0 0 0
0 0 0 1 0 0 0 10 0 0 0 0 4 0 0 0 1 0 0 0 0 0 0 0 0 0 0 0 0 0 0 0 0 0 0 1 0 0 2 6 2 0 0 0 22 1 0 0 0 0
0 0 0 1 0 0 0 12 0 0 0 0 4 0 0 0 1 0 0 0 0 0 0 0 0 0 0 0 0 0 0 0 0 0 0 0 0 0 2 9 1 0 0 0 19 1 0 0 0 0
0 0 0 1 0 0 0 12 0 0 0 0 3 0 0 0 1 0 0 0 0 0 0 0 0 0 0 0 0 0 0 0 0 0 0 0 0 0 2 8 1 0 0 0 21 1 0 0 0 0
0 0 0 0 0 0 0 12 0 0 1 0 4 0 0 0 0 0 0 0 0 0 0 0 0 0 0 0 0 0 0 0 0 0 0 0 0 0 2 7 1 0 0 1 21 1 0 0 0 0
0 0 0 0 0 0 0 11 0 0 1 0 4 0 0 0 0 0 0 0 0 0 0 0 0 0 0 0 0 0 0 1 0 0 3 0 0 0 2 4 1 0 0 1 21 1 0 0 0 0
0 0 0 0 0 0 0 8 0 0 0 0 6 0 0 1 0 0 0 0 0 0 0 0 0 0 0 0 0 0 0 1 0 0 3 0 0 0 2 4 2 0 0 1 22 0 0 0 0 0
0 0 0 0 0 0 0 6 0 0 0 0 6 0 0 1 0 0 0 0 0 0 0 0 0 0 0 0 0 0 0 1 0 0 5 0 0 0 5 3 1 0 0 0 22 0 0 0 0 0
0 0 0 0 0 0 0 6 0 0 2 0 10 0 0 0 0 0 0 0 0 0 0 0 0 0 0 0 0 0 0 1 0 0 3 0 0 0 4 3 2 0 0 0 19 0 0 0 0 0
0 0 0 0 0 0 0 9 0 0 1 0 12 0 0 0 0 0 0 0 0 0 0 0 0 0 0 0 0 0 0 1 0 0 3 0 0 0 3 3 2 0 0 0 16 0 0 0 0 0
0 0 0 0 0 0 0 10 0 0 1 0 12 0 0 0 0 0 0 0 0 0 0 0 0 0 0 0 0 0 0 1 0 0 3 0 0 0 5 1 2 0 0 0 14 0 0 0 1 0
0 0 0 0 0 0 0 6 0 0 2 0 13 0 0 0 0 0 1 0 0 0 0 0 0 0 0 0 0 0 0 1 1 0 3 0 0 0 5 0 2 0 0 0 15 0 0 0 1 0
0 0 0 0 0 0 0 4 0 0 2 0 11 0 0 0 0 0 1 0 0 0 0 0 0 0 0 0 0 0 0 0 0 0 3 0 0 0 8 0 2 0 0 0 18 0 0 0 1 0
0 0 0 0 0 0 0 5 0 0 2 0 11 0 0 0 0 0 0 0 0 0 0 0 0 0 0 0 0 0 0 0 0 0 3 0 0 0 10 0 4 0 0 0 14 0 0 0 1 0
0 0 0 0 0 0 0 5 0 0 2 0 10 0 0 0 0 0 0 0 0 0 0 0 0 0 0 0 0 0 0 0 0 0 2 0 0 0 9 0 4 0 0 0 17 0 0 0 1 0
0 0 0 0 0 0 0 6 0 0 2 0 9 0 0 0 0 0 0 0 0 0 0 0 0 0 2 0 0 0 0 0 0 0 2 0 0 0 8 0 5 1 0 0 14 0 0 0 1 0
0 0 0 0 0 0 0 5 0 0 2 0 6 0 0 0 0 0 0 0 0 0 0 0 0 0 4 0 0 0 0 0 0 0 2 0 0 0 8 0 4 1 0 0 16 0 0 0 2 0
0 0 0 0 0 0 0 5 0 0 2 0 6 0 0 0 0 0 0 0 0 0 0 0 0 0 4 0 0 0 0 0 0 0 2 0 0 0 7 0 8 1 0 0 15 0 0 0 0 0
0 0 0 0 0 0 0 3 0 0 2 0 6 0 0 0 0 0 0 0 0 0 0 0 0 0 5 0 0 0 0 0 0 1 3 0 0 0 9 0 8 1 0 0 12 0 0 0 0 0
0 0 0 0 0 0 1 3 0 0 1 0 6 0 0 0 0 0 0 0 0 0 0 0 0 0 4 0 0 0 0 0 0 3 2 0 0 0 9 0 7 1 0 0 12 0 0 0 1 0
0 0 0 0 0 0 1 5 0 0 1 0 4 0 0 0 0 0 0 0 0 0 0 0 0 0 4 0 1 0 0 0 0 3 1 0 0 0 9 0 6 1 0 0 13 0 0 0 1 0
0 0 0 0 0 0 1 6 0 0 1 0 2 0 0 0 0 0 0 0 0 0 0 0 0 0 3 0 1 0 0 0 0 5 2 0 0 0 8 0 5 1 0 0 14 0 0 0 1 0
0 0 0 0 0 0 1 10 0 0 1 0 2 0 0 0 0 0 0 0 0 0 0 0 0 0 1 0 1 0 0 0 0 2 2 0 0 0 8 0 6 1 0 0 15 0 0 0 0 0
0 0 0 0 0 0 1 9 0 0 1 0 2 0 0 0 0 0 0 0 0 0 0 0 0 0 1 0 0 0 0 0 0 1 2 0 0 0 8 0 6 1 0 0 18 0 0 0 0 0
0 0 0 0 0 0 1 6 0 0 1 0 1 0 0 0 0 0 0 0 0 0 0 1 0 0 1 0 0 0 0 0 0 1 2 0 0 0 9 0 5 1 0 0 20 1 0 0 0 0
1 0 0 0 0 0 1 5 0 0 2 0 1 0 0 0 0 0 0 0 0 0 0 0 0 0 1 0 0 0 0 0 0 1 2 0 0 0 8 0 6 1 0 0 20 1 0 0 0 0
0 0 0 0 0 0 1 6 0 0 4 0 2 0 1 0 0 0 0 0 0 0 0 0 0 0 1 0 0 0 0 0 0 1 0 0 0 0 7 0 6 2 0 0 18 1 0 0 0 0
0 0 0 0 0 0 1 7 0 0 7 0 0 0 1 0 0 0 0 0 0 0 0 0 1 0 2 0 0 0 0 0 0 1 0 0 0 0 7 0 5 3 0 0 15 0 0 0 0 0
0 0 0 0 0 0 1 4 0 0 8 0 0 0 1 0 0 0 0 0 0 0 0 0 1 0 2 0 0 0 0 0 0 1 0 0 0 0 9 0 6 3 0 0 14 0 0 0 0 0
0 0 0 0 0 0 1 4 0 0 8 0 0 0 1 0 0 0 0 0 0 0 0 0 0 0 2 0 0 0 0 0 0 1 0 0 0 0 14 0 6 1 0 0 12 0 0 0 0 0
0 0 0 0 0 0 1 3 0 0 7 0 0 0 1 0 0 0 0 0 0 0 0 0 0 0 2 0 0 0 0 0 0 3 0 0 0 0 13 0 9 0 0 0 11 0 0 0 0 0
0 0 0 0 0 0 2 4 0 0 6 0 0 0 1 0 0 0 0 0 0 0 0 0 0 0 1 0 0 0 0 0 0 3 1 0 0 0 12 0 8 0 0 0 12 0 0 0 0 0
0 0 0 0 0 0 4 2 0 0 6 0 0 0 1 0 0 0 0 0 0 0 0 0 0 0 2 0 0 0 0 0 0 3 1 0 0 0 13 0 8 0 0 0 10 0 0 0 0 0
0 0 0 0 0 0 4 2 0 0 8 0 0 0 2 0 0 0 0 0 0 0 0 0 0 0 1 0 0 0 0 0 0 4 1 0 0 0 12 0 8 0 0 0 8 0 0 0 0 0
0 0 0 0 0 0 3 3 0 0 9 0 0 0 1 0 0 0 0 0 0 0 0 0 0 2 1 0 0 0 0 0 0 4 1 0 0 0 7 0 9 0 0 0 10 0 0 0 0 0
0 0 0 0 0 0 2 3 0 0 11 0 0 0 1 0 0 1 0 0 0 0 0 0 1 2 0 0 0 0 1 0 0 4 0 0 0 0 6 0 9 0 0 0 9 0 0 0 0 0
0 0 0 0 0 0 1 3 0 0 9 0 0 0 1 0 0 2 0 0 0 0 0 0 1 1 0 0 0 0 0 0 0 4 0 0 0 0 6 0 13 0 0 0 9 0 0 0 0 0
0 0 0 0 0 0 1 2 0 0 8 0 0 0 1 0 0 2 0 0 0 0 0 0 0 1 0 0 0 0 0 0 0 4 0 0 0 0 9 0 14 0 0 0 8 0 0 0 0 0
0 0 0 0 0 0 1 1 0 0 11 0 0 0 1 0 0 2 0 0 0 0 1 0 0 1 1 0 0 0 0 0 0 4 0 0 0 0 6 0 11 0 0 1 9 0 0 0 0 0
0 0 0 0 0 0 1 1 0 0 12 0 0 0 1 0 0 2 0 0 0 0 1 0 0 0 1 0 0 0 0 0 0 4 0 0 0 1 4 0 10 0 0 1 11 0 0 0 0 0
0 0 0 0 0 2 1 1 0 0 11 0 0 0 2 0 0 3 0 0 0 0 2 0 0 0 0 0 0 0 0 0 0 4 0 0 0 1 5 0 9 0 0 1 8 0 0 0 0 0
0 0 0 0 0 2 1 1 0 0 10 0 0 0 2 0 0 3 0 0 0 0 2 1 0 0 0 0 0 0 0 0 0 6 0 0 0 2 7 0 5 0 0 0 8 0 0 0 0 0
0 0 0 0 0 2 2 0 0 0 10 0 0 0 3 0 0 3 0 0 0 0 3 1 0 0 0 0 0 0 0 0 0 6 0 0 0 1 6 0 3 0 0 0 10 0 0 0 0 0
0 0 0 0 0 2 1 0 0 0 10 0 0 0 2 0 0 2 0 0 0 0 3 2 0 0 0 0 0 0 0 0 0 7 0 0 0 1 7 0 4 0 0 0 9 0 0 0 0 0
0 0 0 0 0 2 0 0 0 0 12 0 0 0 2 0 0 2 0 0 0 0 3 3 0 0 0 0 0 0 0 0 0 7 0 0 0 1 7 0 3 0 0 0 7 0 0 0 0 1
0 0 0 0 0 2 0 0 0 0 10 0 0 0 2 0 0 2 0 0 0 0 5 2 0 0 0 0 0 0 0 0 0 6 0 0 0 2 6 0 5 0 0 0 8 0 0 0 0 0
0 0 0 0 0 2 0 0 0 0 6 0 0 0 2 0 0 1 0 0 0 0 5 2 0 0 0 0 0 0 0 0 0 8 0 0 0 2 7 0 6 0 0 0 9 0 0 0 0 0
0 0 0 0 0 1 0 0 0 0 6 1 0 0 3 0 0 1 0 0 0 0 2 2 0 0 0 0 0 0 0 0 0 10 0 0 0 1 8 0 7 0 0 0 8 0 0 0 0 0
0 0 1 0 0 1 0 0 0 0 8 1 0 0 3 0 0 1 0 0 0 0 1 2 0 0 0 0 0 0 0 0 0 6 0 0 0 1 9 0 8 1 0 0 7 0 0 0 0 0
0 0 1 0 0 0 0 0 0 0 9 0 0 0 2 0 0 1 0 0 0 0 1 2 0 0 0 0 0 0 0 0 0 7 0 0 0 1 9 0 6 1 0 0 10 0 0 0 0 0
0 0 1 0 0 0 0 0 0 0 10 0 0 0 2 0 0 0 0 0 0 0 1 2 0 0 0 0 0 0 0 0 0 6 0 0 0 1 9 0 9 0 0 0 9 0 0 0 0 0
0 0 1 0 0 0 0 0 0 0 11 0 0 0 2 0 0 0 0 0 0 0 1 1 0 0 0 0 0 0 0 0 0 3 0 0 0 1 10 0 10 0 0 0 10 0 0 0 0 0
0 0 1 0 0 0 0 0 0 0 12 0 0 0 2 0 0 0 0 0 0 0 0 1 0 0 0 0 0 0 0 0 0 2 0 0 0 1 12 0 10 0 0 0 9 0 0 0 0 0
0 0 1 0 0 0 0 0 0 0 12 0 0 0 3 0 0 0 0 0 0 0 0 1 0 0 0 0 0 0 0 0 0 1 0 0 0 1 15 0 9 0 0 0 7 0 0 0 0 0
0 0 1 0 0 0 0 0 0 0 12 0 0 0 3 0 0 0 0 0 0 0 0 1 0 0 0 0 0 0 0 0 0 1 0 1 0 1 12 0 9 0 0 0 9 0 0 0 0 0
0 0 2 0 0 0 0 0 0 0 11 0 0 0 5 0 0 0 0 0 0 0 0 1 0 0 0 0 0 0 0 0 0 1 0 1 0 1 11 0 5 0 0 0 12 0 0 0 0 0
0 0 5 0 0 0 0 0 0 0 7 0 0 0 5 0 0 0 0 0 0 0 0 0 0 0 0 0 0 0 0 0 0 2 0 1 0 1 11 0 5 0 0 0 13 0 0 0 0 0
0 0 6 0 0 0 0 0 0 0 8 0 0 0 6 0 0 0 0 0 0 0 0 0 0 0 0 0 0 0 0 0 0 2 0 0 0 0 12 0 4 0 0 0 12 0 0 0 0 0
0 0 8 0 0 0 0 0 0 0 8 0 0 0 6 0 0 0 0 0 0 0 0 0 0 0 1 0 0 0 0 0 0 3 0 0 0 0 7 0 5 0 0 0 11 0 1 0 0 0
0 0 6 0 0 0 0 0 0 0 8 0 0 0 7 0 0 0 0 0 0 0 0 0 0 0 2 0 0 0 0 0 0 3 0 0 0 0 7 0 3 0 0 0 11 0 2 0 0 1
0 0 5 0 0 0 0 0 0 0 8 1 0 0 9 0 0 0 0 0 0 0 0 0 0 0 1 0 0 0 0 0 0 3 0 0 0 0 8 0 2 0 0 0 9 0 4 0 0 0
0 0 6 0 0 0 0 0 0 0 6 1 0 0 7 0 0 0 0 0 0 0 0 1 0 0 1 0 0 0 0 0 0 2 0 0 0 0 8 0 3 0 0 0 10 0 5 0 0 0
0 0 8 0 0 0 1 0 0 0 6 0 0 0 4 0 0 0 0 0 0 0 0 1 0 0 1 0 0 0 0 0 0 3 0 0 0 0 8 0 3 0 0 0 9 1 5 0 0 0
0 0 10 0 0 0 1 0 0 0 4 0 0 0 4 0 2 0 0 0 0 0 0 1 0 0 1 0 0 0 0 0 0 2 0 0 0 0 7 0 3 0 0 0 10 0 5 0 0 0
0 0 10 0 0 0 0 0 0 0 4 0 0 0 1 0 2 0 0 0 0 0 0 1 0 0 1 0 0 0 0 0 0 2 0 0 0 0 10 0 2 0 0 0 11 0 6 0 0 0
0 0 10 0 0 0 0 0 0 1 4 0 0 0 2 0 2 0 0 0 0 0 0 1 0 0 1 0 0 0 0 0 0 3 0 0 0 0 11 0 1 0 0 0 9 0 5 0 0 0
0 0 10 0 0 0 0 0 0 1 4 0 0 0 2 0 3 0 0 0 0 0 0 2 0 0 1 0 0 0 0 0 0 4 0 0 0 0 7 0 3 0 0 0 8 0 5 0 0 0
0 0 9 0 0 0 0 0 0 1 6 0 0 0 2 0 1 0 0 0 0 0 0 3 0 0 1 0 0 0 0 0 0 4 0 0 0 0 8 0 2 0 0 0 6 0 7 0 0 0
0 0 12 0 0 0 0 0 0 1 7 0 0 0 2 0 0 0 0 0 0 0 0 3 0 0 0 0 0 0 0 0 0 4 0 0 0 0 7 0 3 0 0 0 6 0 5 0 0 0
0 0 8 0 0 0 0 0 0 1 8 0 2 0 2 0 0 0 0 0 0 0 0 3 0 0 0 0 0 0 0 0 0 5 0 0 0 0 5 0 2 0 0 0 9 0 5 0 0 0
0 0 7 0 0 0 0 0 0 1 8 1 1 0 3 0 0 0 0 0 0 0 0 4 0 0 0 0 0 0 0 0 0 4 0 0 0 0 4 0 2 0 0 0 11 0 4 0 0 0
0 0 6 0 0 0 0 0 0 1 6 2 1 0 5 0 0 0 0 0 0 0 0 4 0 0 0 0 0 0 0 0 0 6 0 0 0 0 3 0 3 0 0 0 9 0 4 0 0 0
0 0 4 0 0 0 0 0 0 0 6 3 1 0 4 0 0 0 0 0 0 0 0 5 0 0 0 0 0 0 0 0 0 5 0 0 0 0 4 0 3 0 0 0 9 0 6 0 0 0
0 0 6 0 0 0 0 0 0 0 6 2 1 0 3 0 0 0 0 0 0 0 0 5 0 0 0 0 0 0 0 0 0 5 0 0 0 0 2 0 3 0 0 0 10 0 7 0 0 0
0 0 6 0 0 0 0 0 0 0 6 1 1 0 1 0 0 0 0 0 1 1 0 7 0 0 0 0 0 0 0 0 0 5 0 0 0 0 3 0 2 0 0 0 9 0 7 0 0 0
0 0 6 0 0 0 0 0 0 0 6 0 1 0 3 0 0 1 0 0 0 1 0 6 0 0 0 0 0 0 0 0 0 6 0 0 0 0 4 0 2 0 0 0 8 0 6 0 0 0
0 0 10 0 0 0 0 0 0 0 5 0 0 0 2 0 0 1 0 0 0 1 0 5 0 0 0 0 0 0 0 0 0 6 0 0 0 0 5 0 2 0 0 0 7 0 6 0 0 0
0 0 13 0 0 0 1 0 0 0 3 0 0 0 1 0 0 1 0 1 0 3 0 5 0 0 0 0 0 0 0 0 0 8 0 0 0 0 3 0 1 0 0 0 5 0 5 0 0 0
0 0 14 0 0 0 1 0 0 0 4 0 0 0 1 0 0 0 0 1 0 3 0 5 0 0 0 0 0 0 0 0 0 6 0 0 0 0 3 0 3 0 0 0 5 0 4 0 0 0
0 1 15 0 0 0 1 0 0 0 4 0 0 0 0 0 0 0 0 2 0 3 0 7 0 0 0 0 0 0 0 0 0 4 0 0 0 0 2 0 4 0 0 0 5 0 2 0 0 0
0 3 16 0 0 0 1 0 0 0 4 0 0 0 0 0 0 0 0 2 0 2 0 7 0 0 0 0 0 0 0 0 0 5 0 0 0 0 1 1 3 0 0 0 3 0 2 0 0 0
0 3 19 0 0 0 2 0 0 0 4 0 0 0 0 0 0 0 0 1 0 2 0 6 0 0 0 0 0 0 0 0 0 5 0 0 0 0 0 1 1 0 0 0 3 0 3 0 0 0
0 3 15 0 0 0 3 0 0 0 5 0 0 0 0 0 0 0 0 1 0 1 0 6 0 0 0 0 0 0 0 0 0 5 0 0 0 0 0 3 1 0 2 0 2 0 3 0 0 0
0 2 12 0 0 0 2 0 0 0 8 0 0 0 0 0 0 0 0 0 0 1 0 6 0 0 0 0 0 1 0 0 0 5 0 0 0 0 0 5 1 0 2 0 2 0 3 0 0 0
0 3 10 0 0 0 2 0 0 0 7 0 0 0 0 0 0 0 0 0 0 3 0 6 0 0 0 0 0 1 0 0 0 5 0 0 0 0 0 5 1 1 0 0 2 0 4 0 0 0
0 3 12 0 0 0 2 0 0 0 3 0 0 0 0 0 0 0 0 0 0 6 0 7 0 0 0 0 0 1 0 0 0 5 0 0 0 0 0 6 1 0 0 0 0 0 4 0 0 0
1 2 14 0 0 0 3 0 0 0 2 0 0 0 0 0 0 0 0 0 0 6 0 6 0 0 0 0 0 1 0 0 0 4 0 0 0 0 0 5 1 0 0 0 0 0 5 0 0 0
2 2 13 0 0 0 3 0 0 0 1 0 0 0 0 0 0 0 0 0 0 8 0 6 0 0 0 0 0 0 1 0 0 2 0 0 0 0 0 3 3 0 0 0 0 0 6 0 0 0
2 2 12 0 0 0 4 0 0 0 1 0 0 0 0 0 0 0 0 0 0 8 0 6 0 0 0 0 0 0 1 0 0 1 0 0 0 0 0 5 3 0 0 0 0 0 5 0 0 0
2 2 15 0 0 0 3 0 0 0 1 0 0 0 0 0 0 0 0 0 0 5 0 6 0 0 0 0 0 0 1 0 0 0 0 0 0 0 0 5 4 0 0 0 0 0 6 0 0 0
2 1 13 0 0 0 3 0 0 1 0 0 0 0 0 0 0 0 0 0 0 4 0 9 0 0 0 0 0 0 1 0 0 0 0 0 0 0 1 5 5 0 0 0 0 0 5 0 0 0
3 1 14 0 0 0 2 0 0 0 0 0 0 0 0 0 0 0 0 0 0 5 0 7 0 0 0 0 1 0 0 0 0 0 0 0 0 0 2 6 5 0 0 0 0 0 4 0 0 0
4 1 15 0 0 0 2 0 0 0 0 0 0 0 0 0 0 0 0 0 0 5 0 5 0 0 0 0 1 0 0 0 0 0 0 0 0 0 2 6 5 0 0 0 0 0 4 0 0 0
4 1 17 0 0 0 2 0 0 0 0 0 0 0 0 0 0 0 0 0 0 4 0 3 0 0 0 0 1 0 0 0 0 0 0 0 0 0 2 7 7 0 0 0 0 0 2 0 0 0
2 1 19 0 0 0 1 0 0 0 0 0 0 0 0 0 0 2 0 0 0 4 0 3 0 0 0 0 1 0 0 0 0 0 0 0 0 0 1 6 7 0 0 1 0 0 2 0 0 0
2 1 15 0 0 0 1 0 0 0 0 0 0 0 0 0 0 2 0 0 0 3 0 4 0 0 0 0 1 0 0 0 0 0 0 0 0 1 1 8 6 0 0 1 0 0 3 1 0 0
1 0 14 0 0 0 1 0 0 0 0 0 0 0 0 0 0 2 0 0 0 1 0 4 0 0 0 0 1 0 0 0 0 0 0 0 1 1 1 8 8 1 0 1 0 0 4 1 0 0
1 0 14 0 0 0 1 0 0 0 0 0 0 0 0 0 0 1 0 0 0 2 0 5 0 0 0 0 1 0 0 0 0 0 0 0 1 0 2 7 8 1 0 2 0 0 3 1 0 0
1 0 14 0 0 0 0 0 0 0 0 0 0 0 0 0 0 2 0 0 0 1 0 5 0 0 0 0 2 0 0 0 0 0 0 0 1 0 4 7 6 1 0 2 0 0 3 1 0 0
1 0 10 0 0 0 0 0 0 0 1 0 0 0 0 0 0 2 0 0 0 1 0 6 0 0 0 0 2 0 0 0 0 0 0 0 0 0 4 7 6 0 0 4 0 0 5 1 0 0
1 0 9 0 0 0 0 0 0 0 0 0 0 0 0 0 0 2 0 0 0 1 0 6 0 0 0 0 2 0 0 0 0 0 0 0 0 0 5 6 6 0 0 5 0 0 4 3 0 0
2 0 11 0 0 0 0 0 0 0 0 0 0 0 0 0 0 2 0 0 2 2 0 3 0 0 0 0 2 0 0 0 0 0 0 0 0 0 4 6 5 0 0 4 0 0 5 2 0 0
2 0 11 0 0 0 0 0 0 0 0 0 0 0 0 0 0 3 0 0 3 2 1 3 0 0 0 0 3 0 0 0 0 0 0 0 0 0 1 7 3 0 0 4 0 0 4 3 0 0
2 0 12 0 0 0 0 0 0 0 0 1 0 0 0 1 0 0 0 0 3 1 2 2 0 0 0 0 3 0 0 0 0 0 0 0 0 0 1 6 3 0 0 3 0 0 5 5 0 0
2 0 11 0 0 0 0 0 0 0 0 1 0 0 0 0 0 0 0 0 3 1 3 2 0 0 0 0 4 0 0 0 0 0 0 0 0 0 1 4 3 0 0 4 0 0 5 6 0 0
1 0 10 0 0 0 0 0 0 0 0 1 0 0 0 0 0 0 0 0 5 1 2 1 0 0 0 0 5 0 0 0 0 0 0 0 0 0 1 5 3 0 0 5 0 0 5 5 0 0
1 0 7 0 0 0 0 0 0 0 0 1 0 0 0 0 0 0 0 0 4 2 0 1 0 0 0 0 7 0 0 0 0 0 0 0 0 0 1 6 3 1 0 6 0 0 7 3 0 0
0 0 7 0 0 0 0 0 0 0 0 0 0 0 0 0 0 0 0 0 4 1 0 1 0 0 0 0 7 0 0 0 0 0 0 0 0 0 1 8 2 1 0 5 0 0 10 3 0 0
0 0 4 0 0 0 0 0 0 0 0 0 0 0 0 0 0 0 0 0 4 1 0 3 0 0 0 0 6 0 0 0 0 0 0 0 0 0 1 8 1 1 0 5 0 0 14 2 0 0
0 0 6 0 0 0 0 0 0 0 0 0 1 0 0 0 0 0 0 1 3 0 0 4 0 0 0 0 4 0 0 0 0 0 0 0 0 0 3 7 1 2 0 4 0 0 12 2 0 0
0 0 5 0 0 0 0 0 0 0 0 0 1 0 0 0 0 0 0 1 4 0 0 4 0 0 0 0 4 0 0 0 0 2 0 0 0 0 4 6 0 2 0 3 0 0 12 2 0 0
0 0 7 0 0 0 1 0 0 0 0 0 1 0 0 0 0 1 0 1 5 0 0 5 0 0 0 0 2 0 0 0 0 3 0 0 0 0 4 4 0 2 0 2 0 0 11 1 0 0
0 0 5 0 0 0 2 0 0 0 0 0 1 0 0 0 0 1 0 0 4 0 0 6 0 0 1 0 2 0 0 0 0 3 0 0 0 0 4 4 0 3 0 1 0 0 12 1 0 0
0 0 5 0 0 0 1 0 0 0 0 0 1 0 0 0 0 1 0 0 5 0 0 6 0 0 1 0 1 0 0 0 0 3 0 0 0 0 4 3 0 2 0 2 0 0 15 0 0 0
0 0 7 0 0 0 1 0 0 0 0 0 1 0 0 0 0 1 0 0 4 0 0 8 0 0 1 0 1 0 0 0 0 4 0 0 0 0 4 2 0 0 0 1 0 0 14 0 1 0
2 0 7 0 0 0 2 0 0 0 0 0 1 0 0 0 0 1 0 0 2 0 0 7 0 0 1 0 1 0 0 0 0 3 0 0 0 0 4 2 0 0 0 1 0 0 15 0 1 0
4 0 6 0 0 0 1 0 0 0 0 0 1 0 0 0 0 2 0 0 1 0 0 7 0 0 0 0 1 0 0 0 0 3 0 0 0 0 4 2 0 0 0 1 0 0 15 0 2 0
5 0 6 0 0 0 1 0 0 1 0 0 1 0 0 0 0 3 0 0 1 0 0 6 0 0 0 0 3 1 0 0 0 2 0 0 0 0 3 1 0 0 0 2 0 0 11 0 3 0
7 0 6 0 0 0 1 0 0 1 0 0 1 0 0 0 0 3 0 0 1 0 0 7 0 0 0 0 3 1 0 0 0 3 0 0 0 0 2 1 0 0 0 2 0 0 8 0 3 0
8 0 4 0 0 0 0 0 0 1 0 0 1 0 0 0 0 4 0 0 1 0 0 9 0 0 0 0 3 0 0 0 0 1 0 2 0 0 2 1 0 0 0 2 0 0 8 0 3 0
9 0 5 0 0 0 0 0 0 1 0 0 1 1 0 0 0 3 0 0 0 0 0 10 0 0 0 0 1 0 0 0 0 1 0 2 0 0 1 0 0 0 0 1 0 0 10 1 3 0
8 0 6 0 0 0 0 0 0 0 0 0 0 1 0 0 0 3 0 0 0 0 0 13 0 0 0 0 0 0 0 0 0 1 0 2 0 0 2 0 0 0 0 1 0 0 9 1 3 0
10 0 3 0 0 0 0 0 0 0 0 0 0 1 0 0 0 2 0 0 0 0 0 12 0 0 0 0 0 0 0 0 0 1 0 2 0 0 2 0 0 0 0 0 0 0 12 2 3 0
10 0 2 0 0 0 0 0 0 0 0 0 0 1 0 0 0 2 0 0 0 0 0 12 0 0 0 0 0 0 0 0 0 1 0 2 0 0 4 0 0 0 0 0 0 0 12 1 3 0
10 0 1 0 0 0 0 0 0 0 0 0 0 1 0 0 0 2 0 0 0 0 0 9 0 0 0 0 0 0 0 0 0 1 0 2 0 0 5 0 0 0 0 0 0 0 13 2 4 0
11 0 1 0 0 0 1 0 0 0 0 0 0 0 0 0 0 2 0 0 0 0 0 9 1 0 0 0 0 0 0 0 0 1 0 3 0 0 6 0 0 0 0 0 0 0 10 1 4 0
10 0 1 0 0 0 0 0 0 0 0 0 0 0 0 0 0 1 0 0 0 0 0 11 1 0 0 0 0 0 0 0 0 1 0 2 0 0 8 0 0 0 0 0 0 0 11 1 3 0
9 0 1 0 0 0 0 0 0 0 0 0 0 0 0 0 0 1 0 0 0 0 0 12 1 0 0 0 0 0 0 0 0 1 0 2 0 0 8 0 0 0 1 0 0 0 9 1 4 0
6 0 0 0 0 0 0 0 0 0 0 0 0 0 0 0 0 2 0 0 0 0 0 11 1 0 0 0 0 0 0 0 0 0 0 2 0 0 11 0 0 0 1 0 0 0 10 1 5 0
6 0 0 0 0 0 0 0 0 0 1 0 0 0 0 0 0 2 0 0 0 0 0 12 2 0 0 0 0 0 0 0 0 0 0 2 0 0 12 0 0 2 1 0 0 0 7 0 3 0
6 0 0 0 0 0 0 0 0 0 0 0 0 0 0 0 0 2 0 0 0 0 0 10 2 0 0 0 0 0 0 1 0 0 0 3 0 0 15 0 0 2 1 0 0 0 7 0 1 0
4 0 0 0 0 0 0 1 0 0 0 0 0 0 0 0 0 3 0 0 0 0 0 13 2 0 0 0 0 0 0 3 0 0 0 4 0 0 11 0 0 2 1 0 0 0 5 0 1 0
3 0 0 0 0 0 0 1 0 0 0 0 0 0 0 0 0 5 0 0 0 0 0 13 1 0 0 0 0 0 0 3 0 0 0 4 0 0 12 0 0 1 2 0 0 0 4 0 1 0
4 0 0 0 0 0 0 0 0 0 0 1 0 0 0 0 0 6 0 0 0 0 0 11 1 0 0 1 0 0 0 3 0 0 0 3 0 0 11 0 0 3 2 0 0 0 2 0 2 0
6 0 0 0 0 0 0 0 0 0 0 1 0 0 0 0 0 6 0 0 0 0 0 11 2 0 0 0 0 0 0 1 0 0 0 3 0 0 11 0 0 3 2 0 0 0 2 0 2 0
4 0 0 0 0 0 0 0 0 0 0 1 0 0 0 0 0 5 0 0 0 0 0 10 4 0 0 0 0 0 0 1 0 0 0 3 0 0 10 0 0 4 3 0 0 0 2 0 3 0
6 0 0 0 0 0 0 0 0 0 0 0 0 0 0 0 0 4 0 0 0 0 0 10 5 0 0 0 0 0 0 2 0 1 0 3 0 0 9 0 0 3 2 0 0 0 2 0 3 0
4 0 0 0 0 0 0 0 0 0 0 0 0 0 0 0 0 5 0 0 0 0 0 9 5 0 0 0 0 0 0 3 0 2 0 2 0 0 9 0 0 4 3 0 0 0 2 0 2 0
4 0 0 0 0 0 0 0 0 0 0 0 0 0 0 0 0 9 0 0 0 0 0 8 4 0 0 0 0 0 0 3 0 2 0 1 0 1 9 0 0 3 3 0 0 0 2 0 1 0
2 0 0 0 0 0 0 0 0 0 0 0 0 0 0 0 0 7 0 0 0 0 0 6 6 0 0 0 0 0 0 3 0 3 0 1 0 1 11 0 0 4 3 0 0 0 1 0 2 0
1 0 0 0 0 0 0 0 0 0 0 0 0 0 0 0 0 5 0 0 0 0 0 12 5 0 0 1 0 0 0 3 0 2 0 2 0 1 10 0 0 3 1 0 1 0 2 0 1 0
1 0 0 0 0 0 0 0 0 0 0 0 0 0 0 0 0 3 0 0 0 0 0 12 5 0 0 1 0 0 0 3 0 1 0 3 0 0 10 0 0 4 1 0 1 0 4 0 1 0
1 0 0 0 0 0 0 0 0 0 0 0 0 0 0 0 0 2 0 0 0 0 0 13 5 0 0 1 0 0 0 7 0 1 1 2 0 0 8 0 0 2 1 0 2 0 3 0 1 0
1 0 0 0 0 1 0 0 0 0 0 0 0 0 0 0 0 2 0 0 0 0 0 10 5 0 0 1 0 0 0 9 0 2 1 1 0 0 8 0 0 1 2 0 2 0 3 0 1 0
1 0 0 0 0 1 0 0 0 0 0 0 0 0 0 0 0 4 0 0 0 0 0 7 4 0 0 1 0 0 0 10 0 3 1 1 0 0 8 0 0 0 2 1 2 0 4 0 0 0
1 0 0 0 0 1 0 0 0 0 0 0 0 0 1 0 0 4 0 0 0 0 0 5 3 0 1 1 0 0 0 9 0 4 0 1 0 0 8 0 0 0 2 1 2 0 6 0 0 0
1 0 0 0 0 1 0 0 0 0 0 0 0 0 1 0 0 4 0 0 0 0 0 5 2 4 1 0 0 1 0 8 0 4 0 1 0 0 4 0 0 0 3 1 3 0 6 0 0 0
1 0 0 0 0 1 0 0 0 0 0 0 0 0 2 0 0 2 0 0 0 0 0 4 1 2 1 0 0 1 0 9 0 5 0 1 0 0 6 0 0 0 4 1 5 0 4 0 0 0
0 0 0 0 0 2 0 0 0 0 0 0 0 0 2 0 0 2 0 0 0 0 0 5 2 1 1 0 0 0 0 12 0 4 0 1 0 0 7 0 0 0 2 1 5 0 3 0 0 0
0 0 0 0 0 2 0 0 0 0 0 0 0 0 1 0 0 2 0 0 0 0 0 5 3 2 1 0 0 0 0 11 0 5 0 1 0 0 7 0 0 0 2 1 5 0 2 0 0 0
0 0 0 0 0 1 0 0 0 0 0 0 0 0 1 0 0 1 0 0 0 0 0 3 3 3 1 0 0 0 0 12 0 5 0 1 0 0 8 0 0 0 3 1 6 0 1 0 0 0
0 0 0 0 0 1 0 0 0 0 0 0 0 0 1 0 0 1 0 0 0 0 0 2 2 2 1 0 0 0 0 13 0 8 0 0 0 0 10 0 0 0 3 1 4 0 1 0 0 0
0 0 0 0 0 1 0 0 0 0 0 0 0 0 2 0 0 1 0 0 0 0 0 3 3 1 0 0 0 0 1 13 0 9 0 0 0 0 7 0 0 0 3 1 4 0 1 0 0 0
0 0 0 0 0 1 0 0 0 0 0 0 0 0 3 0 0 1 0 0 0 0 0 2 3 1 0 0 0 0 0 16 0 6 0 0 0 0 10 0 0 0 3 1 2 0 1 0 0 0
0 0 0 0 0 1 0 0 0 0 0 0 0 0 3 0 0 2 0 0 0 0 0 4 3 1 0 0 0 0 0 17 0 6 0 0 0 0 6 0 0 0 3 1 2 0 1 0 0 0
0 0 0 0 0 2 0 0 0 0 0 0 0 0 1 0 0 3 0 0 0 0 0 7 4 0 0 0 0 0 0 14 0 7 0 0 0 0 6 0 0 0 3 1 1 0 1 0 0 0
0 0 0 0 0 2 0 0 1 0 0 0 0 0 3 0 0 2 0 0 0 0 0 6 4 0 0 0 0 0 0 15 0 6 0 0 0 0 4 0 0 0 4 1 1 0 1 0 0 0
0 0 0 0 1 2 0 0 1 0 0 0 0 0 3 0 0 2 0 0 0 0 0 5 3 0 0 0 0 0 0 15 0 5 0 0 0 0 4 0 0 0 6 2 1 0 0 0 0 0
0 0 0 0 2 2 0 0 1 0 0 0 0 0 4 0 0 1 0 0 0 0 0 3 2 0 0 0 0 0 0 18 0 7 0 0 0 0 2 0 0 0 4 2 2 0 0 0 0 0
0 0 0 0 2 1 0 0 1 0 0 0 0 0 3 0 0 0 0 0 0 0 0 2 1 0 0 0 0 0 0 19 0 6 0 0 0 0 2 0 0 0 7 3 3 0 0 0 0 0
0 0 0 0 2 1 0 0 1 0 0 1 0 0 7 0 0 0 0 0 0 0 0 2 1 0 0 0 0 0 0 19 0 4 0 0 0 0 2 0 0 1 5 2 2 0 0 0 0 0
0 0 0 0 2 1 0 0 1 0 0 1 0 0 5 0 0 0 0 0 0 0 0 2 1 0 0 0 0 0 0 20 0 2 0 1 0 0 1 0 0 2 6 3 2 0 0 0 0 0
0 0 0 0 2 1 0 0 0 0 0 1 0 0 7 0 0 0 0 0 0 0 0 1 1 0 0 0 0 0 0 19 0 1 0 1 0 0 1 0 0 1 8 5 1 0 0 0 0 0
0 0 0 0 2 1 0 0 0 1 0 0 0 0 8 1 0 0 0 0 0 0 0 1 2 0 0 0 0 0 0 19 0 1 0 1 0 0 1 0 0 0 5 6 1 0 0 0 0 0
0 0 0 0 2 0 0 0 0 0 0 0 1 0 8 1 0 0 0 0 0 0 0 1 1 1 0 0 0 0 0 21 0 1 0 2 0 0 1 0 0 0 6 4 0 0 0 0 0 0
0 0 0 0 1 0 0 0 0 0 0 0 1 0 10 1 0 0 0 0 0 0 0 1 1 1 0 0 0 0 0 21 0 2 0 1 0 0 1 0 0 0 6 3 0 0 0 0 0 0
0 0 0 0 2 0 0 0 0 0 0 0 1 0 9 1 0 0 0 0 0 0 0 0 1 1 0 0 0 0 0 25 0 0 0 1 0 0 0 0 0 0 5 4 0 0 0 0 0 0
0 0 0 0 2 0 0 0 0 0 0 0 0 0 6 1 0 0 0 0 0 0 0 0 1 3 0 0 0 0 0 27 0 0 0 2 0 0 0 0 0 0 5 3 0 0 0 0 0 0
0 0 0 0 1 0 0 0 0 0 0 0 0 0 6 1 0 0 0 0 0 0 0 0 1 1 0 0 0 0 0 32 0 0 0 0 0 0 0 0 0 0 5 3 0 0 0 0 0 0
0 0 0 0 2 0 0 0 0 0 0 0 0 0 6 0 0 0 0 0 0 0 0 0 1 1 0 0 0 0 0 35 0 0 0 0 0 0 0 0 0 0 2 3 0 0 0 0 0 0
0 0 0 0 2 0 0 0 0 0 0 0 0 0 8 0 0 0 0 0 0 0 0 0 1 1 0 0 0 0 0 33 0 0 0 0 0 0 0 0 0 0 2 3 0 0 0 0 0 0
1 0 0 0 1 0 0 0 0 0 0 0 0 0 9 0 0 0 0 0 0 0 0 0 0 1 0 0 0 0 0 33 0 0 0 0 0 0 0 0 0 0 3 2 0 0 0 0 0 0
1 0 0 0 1 0 0 0 0 0 0 0 0 0 7 0 0 0 0 0 1 0 0 0 0 1 0 0 0 0 0 33 0 0 0 0 0 0 0 0 0 0 3 3 0 0 0 0 0 0
1 0 0 0 1 0 0 0 0 0 0 0 0 0 5 0 0 0 0 0 0 0 0 0 0 1 0 0 0 0 0 35 0 0 0 0 0 0 0 0 0 0 4 3 0 0 0 0 0 0
1 0 0 0 1 0 0 0 0 0 0 0 0 0 6 0 0 0 0 0 0 0 0 0 0 2 0 0 0 0 0 33 0 0 0 0 0 0 0 0 0 0 4 3 0 0 0 0 0 0
1 0 0 0 0 0 0 0 0 0 0 0 0 0 7 0 0 0 0 0 0 0 0 0 0 2 0 0 0 0 0 32 0 0 0 0 0 0 0 0 0 0 4 4 0 0 0 0 0 0
1 0 0 0 0 0 0 0 0 0 0 0 0 0 6 0 1 0 0 0 0 0 0 0 0 2 0 0 0 0 0 31 0 0 0 0 0 0 0 0 0 0 4 5 0 0 0 0 0 0
1 0 0 0 0 0 0 0 0 0 0 0 0 0 4 0 1 0 0 0 0 0 0 0 0 2 0 0 0 0 0 33 0 0 0 0 0 0 0 0 0 0 4 5 0 0 0 0 0 0
1 0 0 0 0 0 0 0 0 0 0 0 0 0 5 0 0 0 0 0 0 0 0 0 0 2 0 1 0 0 0 33 0 0 0 0 0 0 0 0 0 0 4 4 0 0 0 0 0 0
1 0 0 0 0 0 0 0 0 0 0 0 0 0 6 0 0 0 0 0 0 0 0 0 0 2 0 1 0 0 0 34 0 0 0 0 0 0 0 0 0 0 4 2 0 0 0 0 0 0
2 0 0 0 2 0 0 0 0 0 0 0 0 0 5 0 0 0 0 0 0 0 0 0 0 1 0 1 0 0 0 33 0 0 0 0 0 0 0 0 0 0 4 2 0 0 0 0 0 0
3 0 0 0 3 0 0 0 0 0 0 0 0 0 5 0 0 0 0 0 0 0 0 0 0 1 0 0 0 0 0 33 0 0 0 0 0 0 0 0 0 0 5 0 0 0 0 0 0 0
4 0 0 0 3 0 0 0 0 0 0 0 0 0 4 0 0 0 0 0 0 0 0 0 0 0 0 0 1 0 0 31 0 0 0 0 0 0 0 0 0 0 7 0 0 0 0 0 0 0
3 0 0 0 2 0 0 0 0 0 1 0 0 0 5 1 0 0 0 0 0 0 0 0 0 0 0 0 1 0 0 31 0 0 0 0 0 0 0 0 0 0 6 0 0 0 0 0 0 0
1 0 0 0 0 0 1 0 0 0 1 0 0 0 3 1 0 0 0 0 0 0 0 0 0 0 0 0 2 0 0 35 0 0 0 0 0 0 0 0 0 0 6 0 0 0 0 0 0 0
2 0 0 0 0 0 3 0 0 0 1 0 0 0 4 1 0 0 0 0 0 0 0 0 0 0 0 0 1 0 0 33 0 0 0 0 0 0 0 0 0 0 5 0 0 0 0 0 0 0
1 0 0 0 0 0 2 0 0 0 0 0 0 0 3 1 0 1 0 0 0 0 0 0 0 0 0 0 1 0 0 34 0 0 0 0 0 0 0 0 0 0 7 0 0 0 0 0 0 0
0 0 0 0 0 0 3 0 0 0 0 0 0 0 2 2 0 1 0 0 0 0 0 0 1 0 0 0 1 0 0 30 0 0 0 0 0 0 0 0 0 0 10 0 0 0 0 0 0 0
0 0 0 0 0 0 3 0 0 0 0 0 0 0 1 1 0 0 0 0 0 0 0 0 1 0 0 0 0 0 0 32 0 0 0 0 0 0 0 0 0 0 12 0 0 0 0 0 0 0
0 0 0 0 0 0 2 0 0 0 0 0 0 0 1 1 0 0 0 0 0 0 0 0 2 0 0 0 0 0 0 30 0 0 0 1 0 0 0 0 0 0 13 0 0 0 0 0 0 0
0 0 0 0 0 0 1 0 0 0 0 0 0 0 1 1 0 0 0 0 0 0 0 0 4 0 0 0 0 0 0 28 0 0 0 1 0 0 0 0 0 0 14 0 0 0 0 0 0 0
0 0 0 0 0 0 1 0 0 0 0 0 0 0 1 1 0 0 0 0 0 0 0 0 4 0 0 0 0 0 0 28 0 0 0 1 0 0 0 0 0 0 14 0 0 0 0 0 0 0
0 0 0 0 0 0 1 0 0 2 0 0 0 0 1 1 0 0 0 0 0 0 0 0 3 0 0 0 0 0 0 24 0 0 0 0 0 0 0 0 0 0 18 0 0 0 0 0 0 0
1 0 0 0 0 0 1 0 0 2 0 0 0 1 2 2 0 0 0 0 0 0 0 0 4 0 0 0 0 0 0 21 0 0 0 0 0 0 0 0 0 0 16 0 0 0 0 0 0 0
2 0 0 0 0 0 2 0 0 2 0 0 0 1 1 2 0 0 0 0 0 0 0 0 4 0 0 0 0 0 0 19 0 0 0 0 0 0 0 0 0 0 17 0 0 0 0 0 0 0
2 0 0 0 0 0 2 0 0 4 0 0 0 0 1 4 0 0 0 0 0 0 0 0 4 0 0 0 0 0 0 17 0 0 0 0 0 0 0 0 0 0 16 0 0 0 0 0 0 0
3 0 0 0 0 0 1 0 0 4 0 0 0 0 1 4 0 0 0 0 0 0 0 0 5 0 1 0 0 0 0 14 0 0 0 0 0 0 0 0 0 0 17 0 0 0 0 0 0 0
2 0 0 0 0 0 1 0 0 5 0 0 0 0 1 5 0 0 0 0 0 0 0 0 4 0 1 0 0 0 0 16 0 0 0 0 0 0 0 0 0 0 15 0 0 0 0 0 0 0
2 0 0 0 0 0 1 0 0 4 0 0 0 0 1 6 0 0 0 0 0 0 0 0 6 0 2 0 0 0 0 10 0 0 0 0 0 0 0 0 0 0 17 0 0 1 0 0 0 0
2 0 0 0 0 0 1 0 0 5 1 0 0 0 1 6 0 0 0 0 0 0 0 0 6 1 1 0 0 0 0 10 0 0 0 0 0 0 0 0 0 0 15 0 0 1 0 0 0 0
1 0 0 0 0 0 2 0 0 5 1 0 0 0 1 6 0 0 0 0 0 0 0 0 6 0 1 0 0 0 0 11 0 0 0 0 0 0 1 0 0 0 14 0 0 1 0 0 0 0
1 0 0 0 0 0 5 0 0 4 2 0 0 0 1 5 0 0 0 0 0 0 0 0 6 0 1 0 0 0 0 11 0 1 0 0 0 0 1 0 0 0 12 0 0 0 0 0 0 0
1 0 0 0 0 0 4 0 0 4 4 0 0 0 1 5 0 0 0 0 0 0 0 1 5 0 1 0 0 0 0 9 0 1 0 0 0 0 1 1 0 0 12 0 0 0 0 0 0 0
1 0 0 0 0 0 5 0 0 5 4 0 0 0 1 5 0 0 0 0 0 0 0 1 5 0 1 0 0 0 0 5 0 1 0 0 0 0 1 0 0 1 12 0 0 2 0 0 0 0
2 0 0 0 0 0 5 0 0 5 3 0 0 0 1 6 0 0 0 0 0 0 0 1 4 0 1 0 0 0 0 4 0 1 0 0 0 0 1 0 0 1 14 0 0 1 0 0 0 0
2 0 0 0 0 0 9 0 0 2 2 0 0 0 1 4 0 0 0 0 0 0 0 1 4 0 0 0 0 0 0 3 0 1 0 0 0 0 2 0 0 1 17 0 0 1 0 0 0 0
3 0 0 0 0 0 10 0 0 3 2 0 0 0 1 1 0 0 0 0 0 0 0 1 3 0 0 0 0 1 0 2 0 1 0 0 0 0 3 0 0 1 16 0 1 1 0 0 0 0
2 0 0 0 0 0 9 0 0 2 1 0 0 0 1 1 0 0 0 0 0 0 0 3 4 0 0 0 0 1 0 2 0 1 0 0 0 1 3 0 0 1 16 0 1 1 0 0 0 0
1 0 0 0 0 0 10 0 0 3 1 0 0 0 1 1 0 0 0 0 0 0 0 3 4 0 0 0 0 1 0 1 0 1 0 0 0 1 2 0 0 1 17 0 1 1 0 0 0 0
0 0 0 0 0 0 9 0 0 3 1 0 0 0 1 1 0 0 0 1 0 0 0 2 5 0 0 0 0 1 0 3 0 1 0 0 0 1 2 0 0 0 17 0 1 1 0 0 0 0
0 0 0 0 0 0 9 0 0 4 0 0 0 0 0 1 0 0 0 1 0 0 0 2 6 0 0 0 0 1 0 2 0 2 0 0 0 0 1 0 0 0 19 0 1 1 0 0 0 0
0 0 1 0 0 0 6 0 0 4 0 0 0 0 0 1 0 0 0 1 0 0 0 3 4 0 0 0 0 1 0 3 0 3 0 0 0 0 1 0 0 0 18 0 1 3 0 0 0 0
0 0 0 0 0 0 4 0 0 4 2 0 0 0 0 1 0 0 0 1 0 0 0 2 6 0 0 0 0 1 1 3 0 2 0 0 0 2 1 0 0 0 16 0 1 3 0 0 0 0
0 0 0 0 0 0 5 0 0 3 1 0 0 0 0 1 0 0 0 0 0 0 0 2 4 0 0 0 0 1 1 5 0 1 0 0 0 2 1 0 0 0 18 0 1 3 0 0 0 1
1 0 0 0 0 0 5 0 0 3 1 0 0 0 0 1 0 0 0 0 0 0 0 1 5 0 0 0 0 0 1 6 0 1 0 0 0 2 1 0 0 0 16 0 1 4 0 0 0 1
1 0 0 0 0 0 5 0 0 2 1 0 0 0 0 1 0 0 0 0 0 0 0 1 4 0 0 0 0 0 1 7 0 1 0 0 0 2 1 1 0 0 18 0 1 3 0 0 0 0
1 0 0 0 0 0 4 0 0 1 1 0 0 0 0 1 0 0 0 0 0 0 0 1 3 0 0 0 0 0 1 8 0 1 0 0 0 3 2 2 0 0 16 0 1 4 0 0 0 0
1 0 0 0 0 0 3 0 0 1 1 0 0 0 0 1 0 0 0 0 0 0 0 1 4 0 0 0 0 0 1 9 0 1 0 0 0 3 2 3 0 0 15 0 1 3 0 0 0 0
1 0 0 0 0 0 3 0 0 1 1 0 0 0 0 0 0 0 0 0 0 0 0 1 3 0 0 0 0 0 1 9 0 1 0 0 0 3 1 5 0 0 15 0 2 3 0 0 0 0
0 0 0 0 0 0 5 0 0 1 1 0 0 0 0 0 0 0 0 0 0 0 0 2 3 0 0 0 0 0 1 11 0 1 0 0 0 1 0 7 0 0 11 0 3 3 0 0 0 0
0 0 0 0 0 0 5 0 0 1 2 0 0 0 0 0 0 0 0 0 0 0 0 2 3 0 0 0 0 0 0 12 0 1 0 0 0 2 0 5 0 0 12 0 3 2 0 0 0 0
0 0 0 0 0 0 5 0 0 1 2 0 0 0 0 0 0 0 0 0 0 0 0 2 1 0 0 0 0 0 0 13 0 1 0 0 0 2 0 5 0 0 14 0 2 2 0 0 0 0
0 0 0 0 0 0 5 0 0 0 2 0 0 0 0 0 0 0 0 0 0 0 0 3 2 0 0 0 0 0 0 13 0 1 0 0 0 1 0 4 0 0 15 0 3 1 0 0 0 0
0 0 0 0 0 0 4 0 0 0 2 0 0 0 0 0 0 0 0 0 0 0 0 4 1 0 0 0 0 0 0 13 0 0 0 0 0 1 0 3 0 0 18 0 3 1 0 0 0 0
0 0 0 0 0 0 6 0 0 0 2 0 0 0 0 0 0 0 0 0 0 0 0 4 2 0 0 0 0 0 0 11 0 0 0 0 0 1 0 3 0 0 16 0 3 2 0 0 0 0
0 1 0 0 0 1 6 0 0 0 2 0 0 0 0 0 0 0 0 0 0 0 0 4 2 0 0 0 0 0 0 13 0 0 0 0 0 1 0 3 0 0 11 0 3 3 0 0 0 0
0 0 0 0 0 1 7 0 0 0 1 0 0 0 0 0 0 0 0 0 0 0 0 3 2 0 0 0 0 0 0 17 0 0 0 0 0 1 0 3 0 0 10 0 2 3 0 0 0 0
0 0 0 0 0 1 5 0 0 0 1 0 0 0 0 0 1 0 0 0 0 0 0 2 2 0 0 0 0 0 0 19 0 0 0 0 0 1 0 3 0 0 11 0 1 3 0 0 0 0
0 0 0 0 0 3 5 0 0 0 1 0 0 0 0 0 0 0 0 0 0 0 0 2 1 0 0 0 0 0 0 22 0 0 0 0 0 1 0 3 0 0 8 0 1 3 0 0 0 0
0 0 0 0 0 3 3 0 0 0 0 0 0 0 0 0 0 0 0 0 0 0 0 3 1 0 0 0 0 0 0 21 0 0 0 0 0 2 0 3 0 0 10 0 0 4 0 0 0 0
0 0 0 0 0 3 1 0 0 0 0 0 0 0 0 0 0 0 0 0 0 0 0 4 1 0 0 0 1 1 0 22 0 0 0 0 0 2 0 5 0 0 7 0 0 3 0 0 0 0
0 0 0 0 0 5 1 0 0 0 0 0 0 0 0 0 0 0 0 0 0 0 0 4 1 0 0 0 0 0 0 23 0 0 0 0 0 3 0 5 0 0 6 0 0 2 0 0 0 0
1 0 0 0 0 5 2 0 0 0 0 0 0 0 0 0 0 0 0 0 0 0 0 3 1 0 0 0 0 0 0 20 0 0 0 0 1 3 0 5 0 0 7 0 0 2 0 0 0 0
1 0 0 0 0 5 3 0 0 0 0 0 0 0 0 0 0 0 0 0 0 0 0 2 1 0 0 0 0 0 0 21 0 0 0 0 1 3 0 7 0 0 5 0 0 1 0 0 0 0
1 0 0 0 0 3 3 0 0 0 0 0 0 0 0 0 0 0 0 0 0 0 0 3 1 0 0 0 0 0 0 17 0 0 0 1 1 4 0 7 0 0 7 0 0 1 0 1 0 0
2 0 0 0 0 3 1 0 0 0 0 0 0 0 0 0 0 0 0 0 0 0 0 3 1 0 0 0 1 0 0 20 0 0 0 1 1 2 1 6 0 0 5 0 0 2 0 1 0 0
2 0 0 0 0 3 0 0 0 0 0 0 0 0 0 0 0 0 0 0 0 0 0 3 2 0 0 0 0 0 0 21 0 0 0 1 1 3 1 6 0 0 4 0 0 2 0 1 0 0
3 0 1 0 0 3 0 0 0 0 0 0 0 0 0 0 0 0 0 0 0 0 0 5 3 0 0 0 0 0 0 18 0 0 0 1 1 2 0 7 0 0 4 0 0 1 0 1 0 0
3 1 0 0 0 3 0 0 0 0 0 0 0 0 0 0 0 0 0 0 0 0 0 5 4 0 0 0 0 0 0 18 0 0 0 2 1 1 0 6 0 0 4 0 0 1 0 1 0 0
2 0 0 0 0 4 0 0 0 0 0 0 0 0 0 1 0 0 0 0 0 0 0 8 4 0 0 0 0 0 0 16 0 0 0 3 1 1 0 5 0 0 3 0 0 1 0 1 0 0
1 0 0 0 0 2 0 0 0 1 0 0 0 0 0 1 0 0 0 0 0 0 0 10 2 0 0 0 0 0 0 18 0 0 0 4 1 2 0 4 0 0 2 0 0 1 0 1 0 0
3 0 0 0 0 0 0 0 0 3 0 0 0 0 0 1 0 0 0 0 0 0 0 7 2 0 0 0 0 0 0 20 0 0 0 5 2 2 0 3 0 0 2 0 0 0 0 0 0 0
2 0 0 0 0 0 0 0 0 2 0 0 0 0 0 2 0 0 0 0 0 0 0 8 3 0 0 0 0 0 0 20 0 0 0 4 1 3 0 2 0 0 3 0 0 0 0 0 0 0
1 0 0 0 0 0 0 0 0 3 0 0 0 0 0 2 0 0 0 0 0 0 0 8 2 0 0 0 0 0 0 20 0 0 0 3 2 2 0 3 0 0 3 1 0 0 0 0 0 0
2 0 0 0 0 0 0 0 0 3 0 0 0 0 0 3 0 0 0 0 0 0 0 10 2 0 0 0 0 0 0 19 0 0 0 2 3 1 0 2 0 0 1 2 0 0 0 0 0 0
2 0 0 0 0 0 0 0 0 2 0 0 0 0 0 3 0 0 0 0 0 0 0 11 1 0 0 0 0 0 0 21 0 0 0 1 3 2 0 2 0 0 0 2 0 0 0 0 0 0
3 0 0 0 0 0 0 0 0 2 0 0 0 0 0 4 0 0 0 0 0 0 0 9 1 0 0 0 0 0 0 19 0 0 0 2 3 1 0 4 0 0 0 1 0 0 0 1 0 0
3 0 0 0 0 0 0 0 0 2 0 0 0 0 0 4 0 0 0 0 0 0 0 10 1 0 0 0 0 0 0 19 1 0 0 3 2 1 0 2 0 0 0 1 0 0 0 1 0 0
2 0 0 0 0 0 0 0 0 2 0 0 0 0 0 5 0 0 0 0 0 0 0 10 1 0 0 0 0 0 0 20 2 0 0 3 2 1 0 1 0 0 0 0 0 0 0 1 0 0
1 1 0 0 1 0 0 0 0 2 0 0 0 0 1 6 0 0 0 0 0 0 0 12 1 0 0 0 0 0 0 16 2 0 0 4 0 1 0 1 0 0 0 0 0 0 0 1 0 0
0 1 0 0 0 0 0 0 0 1 0 0 0 0 1 9 0 0 0 0 0 0 0 13 2 0 0 0 0 0 0 16 2 0 0 3 0 1 0 1 0 0 0 0 0 0 0 0 0 0
0 1 0 0 0 0 0 0 0 1 0 0 0 0 1 10 0 0 0 0 0 0 0 10 2 0 0 0 0 0 0 19 2 0 0 2 0 1 0 1 0 0 0 0 0 0 0 0 0 0
0 1 0 0 0 0 1 0 0 1 0 0 0 0 1 12 0 0 0 0 0 0 0 12 1 0 0 0 0 0 0 17 2 0 0 1 0 1 0 0 0 0 0 0 0 0 0 0 0 0
0 1 0 0 0 0 1 0 0 1 0 0 0 0 3 11 0 0 0 0 0 0 0 15 0 0 0 0 0 0 0 14 3 0 0 0 0 1 0 0 0 0 0 0 0 0 0 0 0 0
0 1 0 0 0 0 1 0 0 1 0 0 0 0 4 10 0 0 0 0 0 0 0 15 0 0 0 0 0 0 0 13 4 0 0 0 0 1 0 0 0 0 0 0 0 0 0 0 0 0
0 1 0 0 0 0 1 0 0 0 0 0 0 0 3 11 0 0 0 0 0 0 0 17 0 0 0 0 0 0 0 11 3 0 0 0 0 2 0 0 0 0 0 0 1 0 0 0 0 0
0 1 0 0 0 0 1 0 0 0 0 0 0 0 2 11 0 0 0 0 0 0 0 21 0 0 0 0 0 0 0 9 2 0 0 0 0 2 0 0 0 0 0 0 1 0 0 0 0 0
0 0 0 0 0 0 0 0 0 0 0 0 0 0 1 15 0 0 0 0 0 0 0 20 0 0 0 0 0 0 0 7 2 0 0 0 0 2 1 0 1 0 0 0 1 0 0 0 0 0
0 0 0 0 0 0 0 0 0 0 0 0 0 0 2 13 0 0 0 0 0 0 0 20 0 0 0 0 0 0 0 7 2 0 0 0 0 2 2 0 1 0 0 0 1 0 0 0 0 0
0 0 0 0 0 0 0 0 0 0 0 0 0 0 1 13 0 0 0 0 0 0 0 22 0 0 0 0 0 0 0 6 3 0 0 0 0 2 2 0 0 0 0 0 0 0 1 0 0 0
0 0 0 0 0 0 0 0 0 0 0 0 0 0 0 12 0 0 0 0 0 0 0 22 0 0 0 0 0 0 0 8 3 0 0 0 0 1 2 0 0 0 0 0 0 0 1 0 0 1
0 0 0 0 0 0 0 0 0 0 0 0 0 0 0 15 0 0 0 1 0 0 0 21 0 0 0 0 0 0 0 7 4 0 0 0 0 0 1 0 0 0 0 0 0 0 0 0 0 1
0 0 0 0 0 0 0 0 0 0 0 0 1 0 0 14 0 0 0 0 0 0 0 20 0 0 0 0 0 0 0 7 4 0 0 1 0 0 2 0 0 0 0 0 0 0 0 0 0 1
0 0 0 0 0 0 0 0 0 0 0 0 1 0 0 19 0 0 0 0 0 0 0 16 0 0 0 0 0 0 1 6 3 0 0 1 0 0 1 0 0 0 0 0 0 0 0 0 0 2
0 0 0 0 0 0 0 0 0 0 0 0 0 0 0 19 0 0 0 0 0 0 0 18 0 0 0 0 0 1 1 5 3 0 0 1 0 0 1 0 0 0 0 0 0 0 0 0 0 1
0 0 1 0 0 0 0 0 0 0 0 0 0 0 0 16 0 0 0 0 0 0 0 18 0 0 0 0 0 1 1 7 4 0 0 1 0 0 1 0 0 0 0 0 0 0 0 0 0 0
0 0 0 0 0 0 0 0 2 0 0 0 0 0 0 14 0 0 0 0 0 0 0 18 0 0 0 0 0 1 1 7 4 0 0 1 0 1 0 0 0 0 0 0 0 0 1 0 0 0
0 0 0 0 0 0 0 0 2 0 0 0 0 0 0 16 0 1 0 0 0 0 0 16 0 0 0 1 0 1 0 6 3 0 0 0 0 1 0 0 0 0 0 0 0 1 1 0 0 1
0 0 0 0 0 0 0 0 2 0 0 0 0 0 0 19 0 1 0 0 0 0 0 13 0 0 0 0 0 1 0 6 5 0 0 0 0 1 0 0 0 0 0 0 0 1 0 0 0 1
0 0 0 0 0 0 0 0 2 0 0 0 0 0 0 19 0 2 0 0 0 0 0 11 0 0 0 0 0 1 0 5 7 0 0 0 0 1 0 0 0 0 0 0 0 1 0 0 0 1
0 0 0 0 0 0 0 0 2 0 0 0 0 0 0 17 0 2 0 0 0 0 0 13 0 0 0 0 0 0 0 5 9 0 0 0 0 1 0 0 0 0 0 0 0 1 0 0 0 0
0 0 0 0 0 0 0 0 3 0 0 0 0 0 0 15 0 4 0 0 0 0 0 12 0 0 0 0 0 0 0 4 9 0 0 0 0 1 0 0 0 1 0 0 0 1 0 0 0 0
0 0 0 0 0 0 0 0 3 0 0 0 0 0 0 18 0 4 0 0 0 0 0 7 0 0 0 0 0 0 0 3 11 1 0 0 0 1 0 0 1 1 0 0 0 0 0 0 0 0
0 0 0 0 0 0 0 0 4 0 0 0 0 0 0 18 0 6 0 0 0 0 0 8 0 0 0 0 0 0 0 2 9 1 0 0 0 0 0 0 1 1 0 0 0 0 0 0 0 0
0 0 0 0 0 0 1 0 3 0 0 0 0 0 0 17 0 6 0 0 0 0 0 8 0 0 0 0 0 0 0 2 12 0 0 0 0 0 0 0 1 0 0 0 0 0 0 0 0 0
0 0 0 0 0 0 1 0 3 0 0 0 0 0 0 19 0 7 0 0 0 0 0 7 0 0 0 0 0 0 0 1 11 0 0 0 0 0 0 0 0 0 1 0 0 0 0 0 0 0
0 0 0 0 0 0 1 0 3 0 0 0 0 0 0 20 0 6 0 0 0 0 0 7 0 0 0 0 0 0 0 1 10 0 0 0 0 0 0 0 0 0 2 0 0 0 0 0 0 0
0 0 0 0 0 0 1 0 2 0 0 0 0 0 0 19 0 9 0 0 0 0 0 5 0 0 0 0 0 0 0 1 11 0 0 0 0 0 0 0 0 0 2 0 0 0 0 0 0 0
0 0 0 0 0 0 0 0 2 0 0 0 0 0 0 18 0 11 0 0 0 0 0 6 0 0 0 0 0 0 0 1 10 0 0 0 0 0 0 0 0 0 2 0 0 0 0 0 0 0
0 0 0 0 0 0 0 0 2 0 0 0 0 0 0 19 0 10 0 0 0 0 0 4 0 0 0 0 0 0 0 0 13 0 0 0 0 0 0 0 0 0 2 0 0 0 0 0 0 0
0 0 0 0 0 0 0 0 3 0 0 0 0 0 0 14 0 12 0 0 0 0 0 5 0 0 0 0 0 0 0 0 12 0 0 0 0 0 0 0 0 0 4 0 0 0 0 0 0 0
0 0 0 0 0 0 0 0 1 0 0 0 0 1 0 11 0 15 0 0 0 0 0 6 0 0 0 0 0 0 0 0 13 0 0 0 0 0 0 0 0 0 3 0 0 0 0 0 0 0
0 0 0 0 0 0 0 0 0 0 0 0 0 1 0 13 0 14 0 1 0 0 0 6 0 0 0 0 0 0 0 0 11 0 0 0 0 0 0 0 0 0 4 0 0 0 0 0 0 0
0 0 0 0 0 0 0 0 0 0 0 0 0 1 0 12 0 16 0 0 0 0 0 8 0 0 0 0 0 0 0 0 9 0 0 0 0 0 0 0 0 0 4 0 0 0 0 0 0 0
0 0 0 0 0 0 0 0 0 1 0 0 0 1 0 14 0 16 0 0 0 0 0 7 0 0 0 0 0 0 0 0 10 0 0 0 0 0 0 0 0 0 1 0 0 0 0 0 0 0
0 0 0 0 0 0 0 0 0 1 0 0 0 1 0 12 0 18 0 0 0 0 0 3 0 0 0 0 0 1 0 0 12 0 0 0 0 0 0 0 0 0 2 0 0 0 0 0 0 0
0 0 0 0 0 0 0 0 0 1 0 0 0 1 0 11 0 18 0 0 0 0 0 5 1 0 0 0 0 1 0 0 10 0 0 0 0 0 0 0 0 1 1 0 0 0 0 0 0 0
0 0 0 0 0 0 0 0 0 2 0 0 0 1 0 10 0 18 0 0 0 0 0 4 2 0 0 0 0 0 0 0 8 0 0 0 0 0 0 0 2 1 1 0 0 0 0 0 1 0
0 0 0 0 0 0 0 0 0 2 0 0 0 1 0 12 0 15 0 0 0 0 0 5 3 0 0 0 0 0 0 0 7 0 0 0 0 0 0 0 1 1 1 0 0 0 0 0 2 0
0 0 0 0 0 0 0 0 0 2 0 0 0 1 0 13 0 15 0 0 0 0 0 4 3 0 1 0 0 0 0 0 6 0 0 0 0 0 0 0 1 2 1 0 0 0 0 0 1 0
0 0 0 0 0 0 0 0 0 3 0 0 0 1 0 15 0 13 0 0 0 0 0 5 2 0 1 0 0 0 0 0 6 0 0 0 0 0 0 0 1 2 0 0 0 0 0 0 1 0
0 0 0 0 0 0 0 0 1 2 0 0 0 1 0 14 0 13 0 0 0 0 0 6 2 0 3 0 0 0 0 0 5 0 0 0 0 0 0 0 1 2 0 0 0 0 0 0 0 0
0 0 0 0 0 0 0 0 2 2 0 0 0 1 0 15 0 9 0 0 0 0 0 7 2 0 3 0 0 0 0 0 5 0 0 0 0 0 0 0 2 2 0 0 0 0 0 0 0 0
0 0 0 0 0 0 0 0 2 1 0 0 0 2 0 16 0 7 0 0 0 0 0 7 3 0 4 0 0 0 0 0 4 0 0 0 0 0 0 0 3 1 0 0 0 0 0 0 0 0
0 0 0 0 0 0 0 0 3 0 0 0 0 2 0 22 0 6 0 0 0 0 0 6 3 0 3 0 0 0 0 0 3 0 0 0 0 0 0 0 1 1 0 0 0 0 0 0 0 0
0 0 0 0 0 0 0 0 3 0 0 0 0 3 0 22 0 6 0 0 0 0 0 6 3 0 4 0 0 0 0 0 2 0 0 0 0 0 0 0 1 0 0 0 0 0 0 0 0 0
0 0 0 0 0 0 0 0 3 0 0 0 0 4 0 24 0 7 0 0 0 0 0 4 2 0 3 0 0 0 0 0 2 0 0 0 0 0 0 0 1 0 0 0 0 0 0 0 0 0
0 0 0 0 0 0 0 0 3 0 0 0 0 4 0 22 0 12 0 0 0 0 0 3 2 0 3 0 0 0 0 0 0 0 0 0 0 0 0 0 1 0 0 0 0 0 0 0 0 0
0 0 0 0 0 0 0 0 4 0 0 0 0 5 0 20 0 13 0 0 0 0 0 3 1 0 4 0 0 0 0 0 0 0 0 0 0 0 0 0 0 0 0 0 0 0 0 0 0 0
0 0 0 0 0 0 0 0 3 0 0 1 0 6 0 20 0 11 0 0 0 0 0 2 1 0 6 0 0 0 0 0 0 0 0 0 0 0 0 0 0 0 0 0 0 0 0 0 0 0
0 0 0 0 0 0 0 0 2 0 0 2 1 6 0 23 0 11 0 0 0 0 0 0 1 0 4 0 0 0 0 0 0 0 0 0 0 0 0 0 0 0 0 0 0 0 0 0 0 0
0 0 0 1 0 0 0 0 2 0 0 2 2 3 0 26 0 8 0 0 0 0 0 0 1 0 5 0 0 0 0 0 0 0 0 0 0 0 0 0 0 0 0 0 0 0 0 0 0 0
0 0 0 2 0 0 0 0 2 0 0 3 4 2 0 20 0 10 0 0 0 0 0 0 1 0 6 0 0 0 0 0 0 0 0 0 0 0 0 0 0 0 0 0 0 0 0 0 0 0
0 0 0 2 0 0 0 0 2 0 0 3 4 4 0 18 0 8 0 0 0 0 0 0 2 0 7 0 0 0 0 0 0 0 0 0 0 0 0 0 0 0 0 0 0 0 0 0 0 0
0 0 0 1 0 0 0 0 1 0 0 4 4 5 0 16 0 10 0 0 0 0 1 0 1 0 7 0 0 0 0 0 0 0 0 0 0 0 0 0 0 0 0 0 0 0 0 0 0 0
0 0 0 1 0 0 0 0 1 0 0 4 4 4 0 18 0 10 0 0 0 0 1 0 1 0 5 0 0 0 0 1 0 0 0 0 0 0 0 0 0 0 0 0 0 0 0 0 0 0
0 0 0 0 0 0 0 0 0 0 0 6 4 5 0 18 0 10 0 0 0 0 1 0 1 0 4 0 0 0 0 1 0 0 0 0 0 0 0 0 0 0 0 0 0 0 0 0 0 0
0 0 0 0 0 0 0 0 0 0 0 6 4 5 0 16 0 13 0 0 0 0 0 0 1 0 3 0 0 1 0 1 0 0 0 0 0 0 0 0 0 0 0 0 0 0 0 0 0 0
0 0 0 0 0 0 0 0 0 0 0 4 6 4 0 15 0 14 0 0 0 0 0 0 1 0 3 0 0 1 0 1 0 0 0 0 0 0 0 0 0 0 0 0 1 0 0 0 0 0
0 0 0 0 0 0 0 0 0 0 0 4 3 2 0 14 0 17 1 0 0 0 0 0 1 0 4 0 0 1 0 1 0 0 0 1 0 0 0 0 0 0 0 0 1 0 0 0 0 0
0 1 0 0 0 0 0 0 0 0 0 7 3 3 0 11 0 17 1 0 0 0 0 0 1 0 2 1 0 0 0 1 0 0 0 1 0 0 0 0 0 0 0 0 1 0 0 0 0 0
0 0 0 0 0 0 0 0 0 0 0 8 4 1 0 12 0 18 0 0 0 0 0 0 0 0 2 1 0 0 0 1 0 0 0 1 0 0 0 0 0 0 0 0 1 0 0 0 1 0
0 0 0 0 0 0 0 0 0 0 0 7 4 1 0 13 0 19 0 0 0 0 0 0 0 0 1 1 0 0 0 1 0 0 0 1 0 0 0 0 0 0 0 0 2 0 0 0 0 0
0 0 0 1 0 0 0 0 0 0 0 7 2 1 0 15 0 16 0 0 0 0 0 0 0 0 1 1 0 0 1 1 0 0 0 1 0 0 0 0 0 0 0 0 3 0 0 0 0 0
0 0 0 0 0 0 0 0 0 0 1 9 2 1 0 14 0 16 0 0 0 0 0 0 0 0 1 1 0 0 1 1 0 1 0 1 0 0 0 0 0 0 0 0 1 0 0 0 0 0
0 1 0 0 0 0 0 0 0 0 2 4 1 1 0 16 0 19 0 0 0 0 0 0 0 0 1 1 0 0 0 1 0 1 0 1 0 0 0 0 0 0 0 0 1 0 0 0 0 0
0 3 0 0 0 0 0 0 0 0 2 3 2 2 0 17 0 17 0 0 0 0 0 0 0 0 0 1 0 0 0 0 0 1 0 1 0 0 0 0 0 0 0 0 1 0 0 0 0 0
0 4 0 0 0 0 0 0 0 0 2 4 2 5 0 14 0 15 0 0 0 0 1 0 0 0 0 1 0 0 0 0 0 0 0 1 0 0 0 0 0 0 0 0 1 0 0 0 0 0
0 3 0 0 0 0 0 0 0 0 1 4 3 5 0 13 0 16 0 0 0 0 1 0 0 0 0 2 0 0 0 0 0 0 0 2 0 0 0 0 0 0 0 0 0 0 0 0 0 0
0 2 0 0 0 0 0 0 0 0 0 3 3 4 0 15 0 18 0 0 0 0 1 0 0 0 0 1 0 0 0 0 0 0 0 3 0 0 0 0 0 0 0 0 0 0 0 0 0 0
0 4 0 0 0 0 0 0 0 0 0 1 2 3 0 11 0 21 0 0 0 0 1 0 0 0 0 2 0 0 0 0 1 0 0 4 0 0 0 0 0 0 0 0 0 0 0 0 0 0
0 4 0 0 0 0 0 0 0 0 0 1 2 2 0 10 0 23 0 1 0 0 1 0 0 0 0 2 0 0 0 0 1 0 0 3 0 0 0 0 0 0 0 0 0 0 0 0 0 0
0 4 0 0 0 0 0 0 0 0 0 1 2 1 0 11 0 25 0 1 0 0 1 0 0 0 0 1 0 0 0 0 0 0 0 3 0 0 0 0 0 0 0 0 0 0 0 0 0 0
0 3 0 0 0 0 0 0 0 0 0 1 1 2 0 9 0 25 0 1 0 0 1 0 0 0 0 0 1 0 0 0 0 0 1 5 0 0 0 0 0 0 0 0 0 0 0 0 0 0
0 3 0 0 0 0 0 0 0 0 0 1 1 4 0 7 0 25 0 0 0 0 1 0 0 0 0 0 1 0 0 0 0 0 1 6 0 0 0 0 0 0 0 0 0 0 0 0 0 0
0 6 0 0 0 0 0 0 0 0 0 2 1 2 0 7 0 21 0 0 0 0 1 0 0 0 0 0 1 0 0 0 0 0 1 8 0 0 0 0 0 0 0 0 0 0 0 0 0 0
0 7 0 0 0 0 0 0 0 0 0 2 1 3 0 10 0 19 0 0 0 0 0 0 0 0 0 0 0 0 0 0 0 0 2 6 0 0 0 0 0 0 0 0 0 0 0 0 0 0
0 9 0 0 0 0 0 0 0 0 0 1 1 5 0 9 0 18 0 0 0 0 0 0 0 0 0 0 0 0 0 0 0 0 2 5 0 0 0 0 0 0 0 0 0 0 0 0 0 0
0 9 0 0 0 0 0 0 0 0 0 1 1 4 0 10 0 17 0 0 0 0 0 0 0 0 0 0 0 0 0 0 0 0 3 4 0 0 0 0 0 0 0 0 0 0 0 0 0 1
0 8 0 0 0 0 0 0 0 0 0 0 1 4 0 10 0 16 0 0 0 0 0 0 0 0 0 0 0 0 0 0 0 0 4 6 0 0 0 0 0 0 0 0 0 0 0 0 1 0
0 9 0 0 0 0 0 0 0 0 0 0 0 7 0 10 0 15 0 0 0 0 0 0 0 0 0 0 0 0 0 0 0 0 5 4 0 0 0 0 0 0 0 0 0 0 0 0 0 0
0 9 0 0 0 0 0 0 0 0 0 0 0 7 0 11 0 15 0 0 0 0 0 0 0 0 0 0 0 0 0 0 0 0 5 1 0 0 0 0 0 1 0 0 0 0 1 0 0 0
0 9 0 0 0 0 0 0 0 0 0 0 0 7 0 11 0 15 0 0 0 0 0 0 0 0 0 0 0 0 0 0 0 0 4 1 0 1 0 0 0 1 0 0 0 0 1 0 0 0
0 7 0 0 0 0 0 0 0 0 0 0 0 3 0 14 0 15 0 0 0 0 0 0 0 0 0 0 0 0 0 0 0 0 5 2 1 0 0 0 0 0 0 0 0 0 3 0 0 0
0 6 0 0 0 0 0 0 0 0 0 0 0 2 0 13 0 17 0 0 0 0 0 0 0 0 0 0 0 0 0 0 0 0 3 2 1 0 0 1 0 1 0 0 0 0 4 0 0 0
0 8 0 0 0 0 0 0 0 0 0 0 0 1 0 13 0 15 0 0 0 0 0 0 0 0 0 0 0 0 0 0 0 0 3 1 1 0 0 2 0 1 0 0 0 0 5 0 0 0
1 7 0 0 0 0 0 0 0 0 0 0 0 1 0 12 0 17 0 0 0 0 0 0 0 0 0 0 0 0 0 0 0 0 3 1 1 0 0 2 0 1 0 0 0 0 4 0 0 0
1 10 0 0 0 1 0 0 0 0 0 0 0 2 0 10 0 16 0 1 0 0 0 0 0 0 0 0 0 0 0 0 0 0 3 0 1 0 0 1 0 1 0 0 0 0 3 0 0 0
1 10 0 0 0 0 0 0 0 0 0 0 0 1 0 7 0 19 0 0 0 0 0 0 0 0 0 0 0 0 0 0 0 0 4 0 1 0 0 1 0 1 0 0 0 0 5 0 0 0
3 9 0 0 0 0 0 0 0 0 0 0 0 1 0 6 0 16 0 0 0 0 0 0 0 0 0 0 0 0 0 0 1 0 4 0 1 0 0 1 0 1 0 0 0 0 6 1 0 0
3 9 0 0 0 0 0 0 0 0 1 0 0 1 0 4 0 19 0 0 0 0 0 0 0 0 0 0 0 0 0 0 1 0 4 0 1 0 0 1 0 1 0 0 0 0 5 0 0 0
3 8 0 0 0 0 0 0 0 0 1 0 0 2 0 4 0 19 0 0 0 0 0 0 0 0 0 0 0 0 0 0 1 0 3 0 1 0 0 2 0 2 0 0 0 0 4 0 0 0
2 8 0 0 0 0 0 0 0 0 1 0 0 3 0 4 0 18 0 0 0 0 0 0 0 0 0 0 0 0 0 0 1 0 3 0 0 0 0 3 0 2 0 0 0 0 5 0 0 0
1 6 1 0 0 0 0 0 0 0 4 0 0 1 0 3 0 21 0 0 0 0 0 0 0 0 0 0 0 0 0 0 0 0 3 0 0 0 0 4 0 2 0 0 0 0 4 0 0 0
0 9 1 0 0 0 0 0 0 0 2 0 0 1 0 2 0 24 0 0 0 0 0 0 0 0 0 0 0 0 0 0 0 0 2 0 0 0 0 2 0 2 0 0 0 0 5 0 0 0
0 8 1 0 0 0 0 0 0 0 2 0 0 1 0 2 0 24 0 0 0 0 0 0 0 0 0 0 0 0 0 0 0 0 1 0 0 0 3 2 0 1 0 0 0 0 5 0 0 0
0 12 1 0 0 0 0 0 0 1 2 0 0 0 0 2 0 22 0 0 0 0 0 0 0 0 0 0 0 0 0 0 0 0 2 0 0 0 2 1 0 0 0 0 0 0 5 0 0 0
0 12 2 0 0 0 0 0 0 1 2 0 0 0 0 1 0 21 0 0 0 0 0 0 1 0 0 0 0 0 0 0 0 0 3 0 0 0 2 1 0 0 0 0 0 0 4 0 0 0
0 11 0 0 0 0 1 0 0 1 2 0 0 0 0 0 0 25 0 0 0 0 0 0 1 0 0 0 0 0 0 0 0 0 3 0 0 0 2 1 0 0 0 0 0 0 3 0 0 0
0 12 0 0 0 0 1 0 0 1 2 0 1 0 0 0 0 21 0 0 0 0 0 0 0 0 0 0 0 0 0 0 0 0 3 0 0 0 2 2 0 0 0 0 0 0 5 0 0 0
0 13 0 0 0 3 2 0 0 1 2 0 0 0 0 0 0 16 0 0 0 0 0 0 1 0 0 0 0 0 0 0 0 0 4 0 0 0 1 2 0 0 0 0 0 0 5 0 0 0
0 12 0 0 0 3 1 0 0 1 2 0 0 0 0 0 0 17 0 1 0 0 0 0 1 0 0 0 0 0 0 0 0 0 3 0 0 0 2 0 0 0 0 0 0 0 7 0 0 0
0 13 0 0 0 2 2 0 0 1 1 0 0 0 0 0 0 16 0 1 0 0 0 0 3 0 0 0 0 0 0 0 0 0 2 0 0 0 2 0 0 0 0 0 0 0 7 0 0 0
0 17 0 0 0 2 2 0 0 1 0 0 0 0 0 0 0 15 0 1 0 0 0 0 1 0 0 0 0 0 1 0 0 0 2 0 0 0 1 0 0 0 0 0 0 0 7 0 0 0
0 16 0 0 0 3 3 0 0 0 0 0 0 0 0 0 0 11 0 1 0 0 0 0 1 0 0 0 0 0 1 0 0 0 1 0 0 0 2 0 0 0 0 0 0 0 11 0 0 0
0 15 0 0 0 5 1 0 0 0 0 0 0 0 0 0 0 14 0 1 0 0 0 0 0 0 0 0 0 0 1 0 0 0 1 0 0 0 2 0 0 0 0 0 0 0 10 0 0 0
0 17 0 0 0 3 1 0 0 0 0 0 0 0 0 0 0 13 0 2 0 0 0 0 0 0 0 0 0 0 1 0 0 0 1 0 0 0 2 0 0 0 0 0 0 0 10 0 0 0
0 17 0 0 0 4 0 0 0 0 0 0 0 0 0 0 0 15 0 2 0 0 0 0 0 0 0 0 0 0 2 0 0 0 1 0 0 0 1 0 0 0 0 0 0 0 8 0 0 0
0 15 0 0 1 3 0 0 0 0 0 0 0 0 0 0 0 16 0 2 0 0 1 0 0 0 0 0 0 0 3 0 0 0 1 0 0 0 1 0 0 0 0 0 0 0 7 0 0 0
0 17 0 0 1 2 0 0 0 0 0 0 0 0 0 0 0 16 0 0 0 0 1 0 0 0 0 0 0 0 3 0 0 0 1 0 0 0 2 0 0 0 0 0 0 0 7 0 0 0
0 18 0 0 2 0 0 0 0 0 0 0 0 0 0 0 0 15 0 0 0 0 1 0 0 0 0 0 0 0 3 0 0 0 0 0 0 0 2 0 0 0 0 0 0 0 9 0 0 0
0 14 0 0 2 0 0 0 0 0 0 0 0 0 0 0 0 16 0 0 0 0 3 0 0 0 0 0 0 0 3 0 0 0 0 0 0 0 2 0 0 0 0 0 0 0 10 0 0 0
0 12 0 0 2 0 0 0 0 0 0 0 0 0 0 0 0 16 0 0 0 0 3 0 0 0 0 0 0 0 4 0 0 0 0 0 0 0 2 0 0 0 0 0 0 0 11 0 0 0
0 16 0 1 2 0 0 0 0 0 0 0 0 0 0 0 0 13 0 0 0 0 4 0 0 0 0 0 0 0 2 0 0 0 0 0 0 0 1 0 0 0 0 0 0 0 11 0 0 0
0 17 0 1 2 0 0 0 0 0 0 0 0 0 0 0 0 10 0 0 0 0 3 0 0 0 0 0 0 0 1 0 0 0 1 0 0 0 1 0 0 0 0 0 0 0 14 0 0 0
0 18 0 0 1 0 0 0 0 0 0 0 0 0 0 0 0 8 0 0 0 0 3 0 0 0 0 0 1 0 1 0 0 0 0 0 0 0 1 0 0 0 0 0 1 0 16 0 0 0
0 19 0 0 2 0 0 0 0 0 0 0 0 0 0 0 0 9 0 0 0 0 0 0 0 0 0 0 1 0 0 0 0 0 0 0 0 0 1 0 0 0 0 0 1 0 17 0 0 0
0 21 0 0 1 0 0 0 0 0 0 0 0 0 0 0 0 7 0 0 0 0 0 0 0 0 0 0 2 0 0 0 0 0 0 0 0 0 0 0 0 1 0 0 0 0 18 0 0 0
0 23 0 0 1 0 0 0 0 0 0 0 0 0 0 0 0 7 0 0 0 0 0 0 0 0 0 0 2 0 0 0 0 0 1 0 0 0 0 0 0 1 0 0 0 0 15 0 0 0
0 21 0 0 0 0 0 0 0 0 1 0 0 0 0 0 0 7 0 0 0 0 0 0 0 0 0 0 1 0 0 0 0 0 1 0 0 0 0 0 0 1 0 0 0 0 18 0 0 0
0 22 0 0 0 0 0 0 0 0 0 0 0 0 0 0 0 8 0 0 0 0 0 0 0 0 0 0 1 0 0 0 0 0 2 0 0 0 0 0 0 0 0 0 0 0 16 1 0 0
0 23 0 0 0 0 0 0 0 0 0 0 0 0 0 0 0 7 0 0 0 0 0 0 0 0 0 0 1 0 0 0 0 0 1 0 0 0 0 0 0 0 0 0 0 0 17 1 0 0
0 21 0 0 0 0 0 0 0 0 0 0 0 0 0 0 0 7 0 0 0 0 0 0 0 0 0 0 1 0 0 0 0 0 1 0 0 0 0 0 0 0 0 0 0 0 19 1 0 0
0 20 0 0 0 0 0 0 0 0 0 0 0 0 0 0 0 7 0 0 0 0 0 0 0 0 0 0 1 0 0 0 0 0 1 0 0 0 0 0 0 0 0 0 0 0 19 2 0 0
0 19 0 0 0 0 0 0 0 0 0 0 0 0 0 0 0 7 0 1 0 0 0 0 0 0 0 0 1 0 0 0 0 0 2 0 0 0 0 0 1 0 0 0 0 0 18 1 0 0
0 20 0 0 0 0 0 0 0 0 0 0 0 0 0 0 0 6 0 1 0 0 0 0 0 0 0 0 1 0 0 0 0 0 2 0 0 0 0 0 1 0 0 0 0 0 19 0 0 0
0 18 0 0 0 0 0 0 0 0 0 0 0 0 0 0 0 7 0 1 0 0 0 0 0 0 0 0 2 0 0 0 0 0 2 0 0 0 0 0 1 0 0 0 0 0 19 0 0 0
0 16 0 0 0 0 0 0 0 0 1 0 0 0 0 0 0 6 0 1 0 0 0 0 0 0 0 0 2 0 0 0 0 0 2 0 0 0 0 0 2 0 0 0 0 0 19 0 1 0
0 17 0 0 0 0 0 0 0 0 2 0 0 0 0 0 0 7 0 0 0 0 0 0 0 0 0 0 2 0 0 0 0 0 3 0 0 0 0 0 2 0 0 0 0 0 16 0 1 0
0 17 0 0 0 0 0 0 0 0 1 0 0 0 0 0 0 6 0 0 0 0 0 0 0 0 0 0 2 0 0 0 0 0 2 0 0 0 0 0 4 0 0 0 0 0 17 0 1 0
0 18 0 0 0 0 0 0 0 0 0 0 0 0 0 0 0 8 0 0 0 0 0 0 0 0 0 0 2 0 0 0 0 0 1 0 0 0 0 0 4 0 0 0 0 0 16 0 1 0
0 16 0 0 0 1 1 0 0 0 0 0 0 0 0 0 0 8 0 0 0 0 0 0 0 0 0 0 1 0 0 0 0 0 2 0 0 0 0 0 4 0 0 0 0 0 16 0 1 0
0 23 0 0 0 1 1 0 0 0 0 0 0 0 0 0 0 6 0 0 0 0 0 0 0 0 0 0 2 0 0 0 0 0 2 0 0 0 0 0 3 0 0 0 0 0 11 0 1 0
0 23 0 0 0 1 1 0 0 0 0 0 0 0 0 0 0 5 0 0 0 0 0 0 0 0 0 0 1 0 0 0 0 0 3 0 0 0 0 0 5 0 0 0 0 0 10 0 1 0
0 22 0 0 0 1 1 0 0 0 0 0 0 0 0 0 0 5 0 0 0 0 0 0 0 0 0 0 1 0 0 0 0 0 4 0 0 0 0 0 3 0 0 0 0 0 12 0 1 0
0 22 0 0 0 1 1 0 0 0 0 0 0 0 0 0 0 5 0 0 0 0 0 0 0 0 0 0 0 0 0 0 0 0 4 0 0 0 1 0 3 0 0 0 0 0 12 0 1 0
0 21 0 0 0 1 0 0 0 0 0 0 0 0 0 0 0 7 0 0 0 0 0 0 0 0 0 0 0 0 0 0 0 0 2 0 0 0 1 0 2 0 0 0 0 0 15 0 1 0
0 24 0 0 0 0 0 0 0 0 0 0 0 0 0 0 0 4 0 0 0 0 0 0 0 0 0 0 0 0 0 0 0 0 2 0 0 0 2 0 1 0 0 0 0 0 16 0 1 0
0 27 0 0 0 0 0 0 0 0 0 0 0 0 0 0 0 3 0 0 0 0 0 0 0 0 0 0 0 0 0 0 0 0 2 0 0 0 2 0 1 0 0 0 0 0 14 0 1 0
0 26 0 0 0 0 0 0 0 0 1 0 0 0 0 0 0 2 0 0 0 0 0 0 0 0 0 0 0 0 0 0 0 0 3 0 0 0 2 0 3 0 0 0 0 0 12 0 1 0
1 25 0 0 0 0 0 0 0 0 1 0 0 0 0 0 0 2 0 0 0 0 0 0 0 0 0 0 0 0 0 0 0 0 3 0 0 0 4 0 2 0 0 0 0 0 11 0 1 0
1 22 0 0 0 0 0 0 0 0 1 0 0 0 0 0 0 2 0 0 0 0 0 0 0 0 0 0 0 0 0 0 0 0 4 0 0 0 5 0 3 0 0 0 0 0 10 0 2 0
3 20 0 0 0 0 0 0 0 0 2 0 0 0 0 0 1 2 0 0 0 0 0 0 0 0 0 0 0 0 0 0 0 0 5 0 0 0 6 0 3 0 0 0 0 0 6 0 2 0
3 19 0 0 0 0 0 0 0 0 3 0 0 0 0 0 1 3 0 0 0 0 0 0 0 0 1 0 0 0 0 0 0 0 5 0 0 0 5 0 3 0 0 0 0 0 4 0 3 0
3 21 0 0 0 0 0 0 0 0 3 0 0 0 0 0 0 3 0 0 0 0 0 0 0 0 2 0 0 0 0 0 0 0 4 0 0 0 5 0 3 0 0 0 0 0 2 0 4 0
3 20 0 0 0 0 0 0 0 0 2 0 0 0 0 0 0 4 0 0 0 0 0 1 0 0 2 0 0 0 0 0 0 0 5 0 0 0 5 0 2 0 0 0 0 0 2 0 4 0
2 22 0 0 0 0 0 0 0 0 2 0 0 0 0 0 0 1 0 0 0 0 0 1 0 0 1 0 0 0 0 0 0 0 5 0 0 0 7 0 3 0 0 0 0 0 2 0 4 0
1 22 0 0 0 0 0 0 0 0 2 0 0 0 0 0 0 1 0 0 0 0 0 1 0 0 1 0 0 0 0 0 0 0 5 0 0 0 7 0 3 0 0 0 0 0 2 0 5 0
1 19 0 0 0 0 0 0 0 0 1 1 0 0 0 0 0 1 0 0 0 0 0 1 0 0 1 0 0 0 0 0 0 0 5 0 0 0 9 0 3 0 0 0 0 0 3 0 5 0
0 23 0 0 0 0 0 0 0 0 2 1 0 0 0 0 0 1 0 0 0 0 0 0 0 0 1 0 0 0 0 0 0 0 4 0 0 0 7 0 1 0 0 0 0 0 4 0 6 0
0 25 0 0 0 0 0 0 0 0 2 0 0 0 0 0 0 1 0 1 0 0 0 0 0 0 2 0 0 0 0 0 0 0 2 0 0 0 5 0 2 0 0 0 0 0 4 0 6 0
0 27 0 0 0 0 0 0 0 0 2 0 0 0 0 0 0 1 0 1 0 0 0 0 0 0 2 0 0 0 0 0 0 0 1 0 0 0 4 1 3 0 0 0 0 0 4 0 4 0
0 26 0 0 1 0 0 0 0 0 1 0 0 0 0 0 0 1 0 1 0 0 0 0 0 0 4 0 0 0 0 0 0 0 1 0 0 0 3 2 1 0 0 0 0 0 5 0 4 0
0 24 0 0 1 0 0 0 0 0 1 0 0 0 0 0 0 1 0 3 0 0 0 0 0 0 5 0 0 0 0 0 0 0 1 0 0 0 4 4 0 0 0 0 0 0 3 0 3 0
0 25 0 0 1 0 0 0 0 0 1 0 0 0 0 0 0 1 0 2 0 0 0 0 0 0 5 0 0 0 0 0 0 0 2 0 0 0 4 4 0 0 0 0 0 0 3 0 2 0
0 26 0 0 1 0 0 0 0 0 2 0 0 0 0 0 0 1 0 2 0 0 0 0 0 0 5 0 0 0 0 0 0 0 2 0 0 0 4 3 0 0 0 0 0 0 2 0 2 0
0 28 0 0 1 0 0 0 0 0 2 0 0 0 0 0 0 1 0 3 1 0 0 0 0 0 3 0 0 0 0 0 0 0 3 0 0 0 3 2 0 0 0 0 0 0 2 0 1 0
0 29 0 0 1 0 0 0 0 0 3 0 0 0 0 0 0 2 0 2 0 0 0 0 0 0 3 0 0 0 1 0 0 0 2 0 0 0 3 2 0 0 0 0 0 0 0 0 2 0
0 29 0 0 0 0 1 0 0 0 4 0 0 0 0 0 0 2 0 2 0 0 0 0 0 0 3 0 0 0 2 0 0 0 2 0 0 0 3 1 0 0 0 0 0 0 0 0 1 0
0 30 0 0 0 0 1 0 0 0 3 0 1 0 0 0 0 1 0 2 0 0 0 0 0 0 2 0 0 0 2 0 0 0 2 0 1 0 3 1 0 0 0 0 0 0 0 0 1 0
0 28 0 0 0 0 2 0 0 0 3 0 1 0 0 0 0 1 0 3 0 0 0 0 0 0 3 0 0 0 2 0 0 0 2 0 1 0 3 0 0 0 0 0 0 0 0 0 1 0
0 27 0 0 0 0 1 0 0 0 3 0 1 0 0 0 0 1 0 4 0 0 0 0 0 0 4 0 0 0 2 0 0 0 2 0 1 0 1 0 0 0 0 1 1 0 0 0 1 0
0 26 0 0 0 0 1 1 0 0 2 0 4 0 0 0 0 0 0 4 0 0 0 0 0 0 5 0 0 0 3 0 0 0 1 0 1 0 0 0 0 0 0 1 1 0 0 0 0 0
0 24 0 0 0 0 3 1 0 0 2 0 2 0 0 0 0 0 0 7 0 0 0 0 0 0 4 0 0 0 4 0 0 0 0 0 1 0 0 0 0 0 0 1 1 0 0 0 0 0
0 22 0 0 0 0 1 2 0 0 0 0 2 0 0 0 0 0 1 7 0 0 0 0 0 0 5 0 0 0 5 0 0 0 0 0 1 0 0 0 0 0 0 1 1 0 0 0 2 0
0 19 0 0 0 0 0 1 0 0 1 0 2 0 0 0 0 0 1 5 1 0 0 0 0 0 5 0 0 0 6 0 0 1 0 1 1 0 0 0 0 0 0 2 2 0 0 0 2 0
0 17 0 0 0 0 0 1 0 0 1 0 1 0 0 0 0 0 1 6 1 0 0 0 2 0 5 0 0 0 7 0 0 1 0 1 1 0 0 0 0 0 0 1 2 0 0 0 1 1
0 18 0 0 0 0 0 2 0 0 0 0 0 0 0 0 0 0 0 6 2 0 0 0 1 0 3 0 0 0 11 1 0 0 0 1 1 0 0 0 0 0 0 1 1 0 0 0 1 1
0 17 0 0 0 0 0 1 0 0 0 0 0 0 0 0 0 0 0 7 3 0 0 0 3 0 5 0 0 0 8 1 0 0 0 1 0 0 0 0 0 0 0 1 2 0 0 0 0 1
