0.3751885
0.5470951
0.8774434
0.04908549
0.8113458
0.6552584
0.8462623
0.4009225
0.04911182
0.2624649
0.6357945
0.6044596
0.9731861
0.9103996
0.862139
0.02403225
0.4893256
0.3400225
0.7843328
0.05021491
0.9404347
0.587303
0.2774382
0.2464304
0.5467175
0.847185
0.7645275
0.2248551
0.1639621
0.9051463
0.4532832
0.8106007
0.175844
0.2037422
0.6394019
0.6454848
0.2091161
0.04332154
0.9512492
0.5229518
0.03478997
0.1963613
0.2824652
0.2167576
0.09488781
0.9953333
0.6144164
0.5612568
0.7328441
0.417526
0.4787469
0.8920353
0.946159
0.05283329
0.4560821
0.5027681
0.2660236
0.04207473
0.2880516
0.9209674
0.08966161
0.3047252
0.2510783
0.9865578
0.8518626
0.5171614
0.4056419
0.0319879
0.1068854
0.8703246
0.4874344
0.8798552
0.8611035
0.3723452
0.6198923
0.9025645
0.9526639
0.1752203
0.4698418
0.5672927
0.4287463
0.02361097
0.1638643
0.4576714
0.2920926
0.6781798
0.009648054
0.1255749
0.1019901
0.6457404
0.8150605
0.7986052
0.861661
0.191859
0.3765429
0.2541438
0.1111927
0.3197142
0.9899912
0.1080395
