# QIIME v1.2.1 OTU table
#OTU ID	1	2	3	4	5	6	7	8	9	10	11	12	13	14	15	16	17	18	19	20	21	22	23	24	25	26	27	28	29	30	31	42	43	44	45	46	48	49	50	51	53	54	56	57	58	61	62	71	72	81	82	83	84	85	90	91	92	93	95	96	97	99	100	101	102	103	104	112	113	114	115	116	117	118	119	120	121	122	123	124	125	126	127	128	129	130	131	132	133	134	135	136	137	138	139	140	141	142	143	144	145	146	147	148	149	150	151	152	153	155	156	157	158	159	161	166	167	171	172	173	174	177	178	179	180	181	182	183	184	185
k__Archaea;p__Euryarchaeota;c__Methanobacteria	0.0	0.0	0.0	0.0	0.0	0.0	0.0	0.0	0.0	0.0	0.0	0.0	0.0	0.0	0.0	0.0	0.0	0.0	0.0	0.0	0.0	0.0	0.0	0.0	0.0	0.0	0.0	0.0	0.0	0.0	0.0	0.0	0.0	0.0	0.0	0.0	0.0	0.0	0.0	0.0	0.0	0.0	0.0	0.0	0.0	0.0	0.0	0.0	0.0	0.0	0.0	0.0	0.0	0.0	0.0	0.0	0.0	0.0	0.0	0.0	0.0	0.0	0.0	0.0	0.0	0.0	0.0	0.0	0.0	0.0	0.0	0.0	0.0	0.0	0.0	0.0	0.0	0.0	0.0	0.0	0.0	0.0	0.0	0.0	0.0	0.0	0.0	0.0	0.0	0.0	0.0	0.0	0.0	0.0	0.0	0.0	0.0	0.0	0.0	0.0	0.0	0.0	0.0	0.0	0.0	0.0	0.0	0.0	0.0	0.0	0.0	0.0	0.0	0.0	0.0	0.0	0.0	0.0	0.0	0.0	0.0	0.0	0.0	0.0	0.0	0.0	0.0	0.0	0.0	0.0
k__Bacteria;p__Acidobacteria;c__Solibacteres	0.0	0.0	0.0	0.0	0.0	0.0	0.0	0.0	0.0	0.0	0.0	0.0	0.0	0.0	0.0	0.0	0.0	0.0	0.0	0.0	0.0	0.0	0.0	0.0	0.0	0.0	0.0	0.0	0.0	0.0	0.0	0.0	0.0	0.0	0.0	0.0	0.0	0.0	0.0	0.0	0.0	0.0	0.0	0.0	0.0	0.0	0.0	0.0	0.0	0.0	0.0	0.0	0.0	0.0	0.0	0.0	0.0	0.0	0.0	0.0	0.0	0.0	0.0	0.0	0.0	0.0	0.0	0.0	0.0	0.0	0.0	0.0	0.0	0.0	0.0	0.0	0.0	0.0	0.0	0.0	0.0	0.0	0.0	0.0	0.0	0.0	0.0	0.0	0.0	0.0	0.0	0.0	0.0	0.0	0.0	0.0	0.0	0.0	0.0	0.0	0.0	0.0	0.0	0.0	0.0	0.0	0.0	0.0	0.0	0.0	0.0	0.0	0.0	0.0	0.0	0.0	0.0	0.0	0.0	0.0	0.0	0.0	0.0	0.0	0.0	0.0	0.0	0.0	0.0	0.0
k__Bacteria;p__Actinobacteria;c__	0.0	0.0	0.0	0.0	0.0	0.0	0.0	0.0	0.0	0.0	0.0	0.0	0.0	0.0	0.0	0.0	0.0	0.0	0.0	0.0	0.0	0.0	0.0	0.0	0.0	0.0	0.0	0.0	0.0	0.0	0.0	0.0	0.0	0.0	0.0	0.0	0.0	0.0	0.0	0.0	0.0	0.0	0.0	0.0	0.0	0.0	0.0	0.0	0.0	0.0	0.0	0.0	0.0	0.0	0.0	0.0	0.0	0.0	0.0	0.0	0.0	0.0	0.0	0.0	0.0	0.0	0.0	0.0	0.0	0.0	0.0	0.0	0.0	0.0	0.0	0.0	0.0	0.0	0.0	0.0	0.0	0.0	0.0	0.0	0.0	0.0	0.0	0.0	0.0	0.0	0.0	0.0	0.0	0.0	0.0	0.0	0.0	0.0	0.0	0.0	0.0	0.0	0.0	0.0	0.0	0.0	0.0	0.0	0.0	0.0	0.0	0.0	0.0	0.0	0.0	0.0	0.0	0.0	0.0	0.0	0.0	0.0	0.0	0.0	0.0	0.0	0.0	0.0	0.0	1.0
k__Bacteria;p__Actinobacteria;c__Actinobacteria (class)	2.0	0.0	0.0	1.0	2.0	2.0	1.0	0.0	0.0	4.0	0.0	3.0	3.0	1.0	1.0	2.0	0.0	1.0	6.0	1.0	1.0	30.0	6.0	0.0	8.0	5.0	12.0	8.0	8.0	19.0	9.0	0.0	5.0	3.0	1.0	3.0	3.0	2.0	3.0	6.0	10.0	4.0	122.0	21.0	17.0	5.0	8.0	10.0	10.0	13.0	52.0	15.0	12.0	8.0	7.0	4.0	14.0	11.0	17.0	15.0	0.0	2.0	18.0	8.0	5.0	7.0	12.0	6.0	2.0	3.0	12.0	7.0	3.0	49.0	5.0	19.0	10.0	48.0	25.0	1.0	25.0	61.0	58.0	57.0	5.0	2.0	19.0	8.0	66.0	5.0	65.0	18.0	21.0	7.0	30.0	4.0	8.0	9.0	35.0	68.0	62.0	72.0	8.0	32.0	35.0	54.0	11.0	305.0	8.0	13.0	66.0	31.0	20.0	34.0	24.0	71.0	8.0	19.0	11.0	6.0	6.0	12.0	44.0	51.0	4.0	17.0	7.0	9.0	19.0	42.0
k__Bacteria;p__Bacteroidetes;c__Bacteroidia	31722.0	16261.0	14268.0	15766.0	11944.0	12930.0	23146.0	24469.0	26567.0	21339.0	28647.0	21945.0	22979.0	25919.0	20987.0	19969.0	12832.0	23065.0	21104.0	27188.0	18715.0	24426.0	21928.0	26398.0	18072.0	17429.0	23683.0	20806.0	20470.0	19065.0	25422.0	25154.0	19449.0	17378.0	16483.0	19879.0	17415.0	16109.0	21154.0	32534.0	26118.0	22346.0	16001.0	21372.0	18095.0	15130.0	17781.0	21559.0	24684.0	17071.0	18656.0	24899.0	22065.0	18356.0	21558.0	22659.0	16692.0	20944.0	20563.0	14118.0	20215.0	13750.0	31117.0	20217.0	23368.0	23090.0	20832.0	21153.0	23331.0	22688.0	26896.0	28249.0	28153.0	18671.0	23644.0	24806.0	21739.0	18944.0	27342.0	17729.0	16157.0	18761.0	20501.0	27738.0	34011.0	23386.0	25693.0	26535.0	14048.0	18747.0	22270.0	22196.0	20283.0	21954.0	27795.0	22540.0	20225.0	29485.0	21904.0	16365.0	16810.0	23631.0	22793.0	22456.0	15120.0	25103.0	19073.0	10400.0	20572.0	27272.0	18253.0	22869.0	17546.0	17500.0	19256.0	19164.0	23888.0	34488.0	26426.0	22220.0	14088.0	13831.0	16017.0	23291.0	24252.0	22057.0	22855.0	27708.0	22768.0	21494.0
k__Bacteria;p__Bacteroidetes;c__Flavobacteria	0.0	0.0	0.0	0.0	0.0	0.0	0.0	0.0	0.0	0.0	0.0	0.0	0.0	0.0	0.0	0.0	0.0	0.0	0.0	0.0	0.0	0.0	0.0	0.0	0.0	0.0	0.0	0.0	0.0	0.0	0.0	0.0	0.0	0.0	0.0	0.0	0.0	0.0	0.0	0.0	0.0	0.0	0.0	0.0	0.0	0.0	0.0	0.0	0.0	0.0	0.0	0.0	0.0	0.0	0.0	0.0	0.0	0.0	0.0	0.0	0.0	0.0	0.0	0.0	1.0	0.0	0.0	0.0	0.0	0.0	0.0	0.0	0.0	1.0	0.0	0.0	0.0	0.0	0.0	0.0	0.0	1.0	0.0	0.0	0.0	0.0	0.0	0.0	1.0	0.0	0.0	0.0	0.0	0.0	0.0	0.0	0.0	0.0	0.0	0.0	0.0	0.0	0.0	0.0	0.0	0.0	0.0	0.0	0.0	0.0	0.0	0.0	0.0	0.0	0.0	0.0	0.0	0.0	0.0	0.0	0.0	0.0	0.0	0.0	0.0	0.0	0.0	0.0	0.0	2.0
k__Bacteria;p__Bacteroidetes;c__Sphingobacteria	0.0	0.0	0.0	0.0	0.0	0.0	0.0	0.0	0.0	0.0	0.0	0.0	0.0	0.0	0.0	0.0	0.0	0.0	0.0	0.0	0.0	0.0	0.0	0.0	0.0	0.0	0.0	0.0	0.0	0.0	0.0	0.0	0.0	0.0	0.0	0.0	0.0	0.0	0.0	0.0	0.0	0.0	0.0	0.0	1.0	0.0	0.0	0.0	0.0	0.0	0.0	0.0	0.0	0.0	0.0	0.0	0.0	0.0	0.0	0.0	0.0	0.0	0.0	0.0	0.0	0.0	0.0	0.0	0.0	0.0	0.0	0.0	0.0	1.0	0.0	0.0	0.0	0.0	0.0	0.0	0.0	0.0	0.0	0.0	0.0	0.0	0.0	0.0	0.0	0.0	0.0	0.0	0.0	0.0	0.0	0.0	0.0	0.0	0.0	1.0	0.0	0.0	1.0	0.0	1.0	0.0	0.0	0.0	0.0	0.0	0.0	0.0	0.0	0.0	0.0	0.0	0.0	0.0	0.0	0.0	0.0	0.0	0.0	0.0	0.0	0.0	0.0	0.0	0.0	1.0
k__Bacteria;p__Cyanobacteria;c__	0.0	0.0	0.0	0.0	2.0	1.0	1.0	0.0	0.0	0.0	1.0	0.0	0.0	15.0	1.0	0.0	0.0	0.0	0.0	1.0	0.0	0.0	1.0	0.0	0.0	5.0	2.0	1.0	1.0	0.0	0.0	0.0	1.0	1.0	0.0	0.0	0.0	0.0	0.0	0.0	0.0	6.0	2.0	0.0	0.0	0.0	0.0	1.0	1.0	0.0	0.0	0.0	0.0	0.0	0.0	1.0	28.0	3.0	0.0	0.0	0.0	0.0	1.0	0.0	32.0	8.0	0.0	0.0	0.0	0.0	0.0	0.0	0.0	0.0	0.0	0.0	0.0	0.0	0.0	1.0	0.0	0.0	0.0	0.0	0.0	0.0	0.0	2.0	2.0	0.0	0.0	0.0	1.0	0.0	1.0	6.0	0.0	0.0	1.0	0.0	0.0	1.0	6.0	6.0	4.0	3.0	0.0	0.0	0.0	0.0	0.0	0.0	0.0	0.0	0.0	0.0	8.0	0.0	0.0	0.0	17.0	0.0	0.0	0.0	0.0	0.0	0.0	0.0	0.0	2.0
k__Bacteria;p__Cyanobacteria;c__mle1-12	0.0	0.0	0.0	0.0	0.0	0.0	0.0	0.0	0.0	0.0	0.0	0.0	0.0	0.0	0.0	0.0	0.0	0.0	0.0	0.0	0.0	0.0	0.0	0.0	0.0	0.0	0.0	0.0	0.0	0.0	0.0	0.0	0.0	0.0	0.0	0.0	0.0	0.0	0.0	0.0	0.0	0.0	0.0	0.0	0.0	0.0	0.0	0.0	0.0	0.0	0.0	0.0	0.0	0.0	0.0	0.0	0.0	0.0	0.0	1.0	0.0	0.0	0.0	0.0	0.0	0.0	0.0	0.0	0.0	0.0	0.0	0.0	0.0	0.0	0.0	1.0	0.0	0.0	0.0	0.0	0.0	0.0	0.0	0.0	0.0	0.0	1.0	0.0	0.0	0.0	0.0	0.0	0.0	0.0	0.0	0.0	0.0	0.0	0.0	0.0	0.0	0.0	0.0	0.0	0.0	0.0	0.0	0.0	0.0	0.0	0.0	0.0	0.0	0.0	0.0	0.0	0.0	0.0	0.0	0.0	0.0	0.0	0.0	0.0	0.0	0.0	0.0	0.0	0.0	0.0
k__Bacteria;p__Firmicutes;c__Bacilli	1.0	4.0	29.0	3.0	20.0	8.0	131.0	26.0	72.0	31.0	32.0	23.0	24.0	11.0	23.0	4.0	15.0	19.0	11.0	16.0	3.0	32.0	11.0	17.0	48.0	7.0	13.0	8.0	9.0	11.0	30.0	21.0	22.0	17.0	9.0	20.0	10.0	3.0	6.0	10.0	45.0	32.0	207.0	42.0	38.0	12.0	37.0	7.0	58.0	19.0	14.0	59.0	35.0	62.0	44.0	28.0	11.0	11.0	25.0	770.0	19.0	14.0	223.0	143.0	58.0	77.0	50.0	10.0	8.0	18.0	15.0	41.0	7.0	2.0	20.0	24.0	2.0	8.0	27.0	32.0	38.0	29.0	21.0	17.0	49.0	45.0	26.0	12.0	34.0	6.0	103.0	27.0	4.0	45.0	44.0	40.0	17.0	16.0	47.0	27.0	39.0	19.0	11.0	45.0	47.0	82.0	25.0	17.0	7.0	40.0	28.0	15.0	27.0	17.0	64.0	40.0	71.0	122.0	80.0	132.0	26.0	24.0	14.0	8.0	9.0	23.0	16.0	159.0	39.0	64.0
k__Bacteria;p__Firmicutes;c__Clostridia	4227.0	4878.0	4101.0	8105.0	8136.0	3440.0	7276.0	9098.0	7780.0	7467.0	12494.0	7057.0	7044.0	6567.0	10831.0	6196.0	5384.0	7190.0	6011.0	8824.0	8605.0	9297.0	4957.0	6374.0	6462.0	6414.0	6598.0	4583.0	7099.0	5315.0	8742.0	10897.0	11615.0	12546.0	7246.0	14930.0	9712.0	7428.0	11032.0	16117.0	12885.0	11362.0	18946.0	11108.0	12379.0	4872.0	11847.0	12262.0	7183.0	6896.0	8253.0	10295.0	8753.0	9009.0	8699.0	17247.0	11038.0	10860.0	14718.0	15847.0	10400.0	7659.0	11112.0	12498.0	10527.0	9374.0	11041.0	6440.0	6938.0	9044.0	10627.0	8937.0	10000.0	11733.0	12723.0	10409.0	6983.0	5758.0	15154.0	10793.0	7857.0	14507.0	14805.0	13385.0	10694.0	12894.0	7718.0	11522.0	13977.0	6608.0	13076.0	8764.0	12560.0	12200.0	13123.0	14328.0	9704.0	12196.0	10690.0	16803.0	12874.0	12571.0	12422.0	14511.0	13525.0	13507.0	11001.0	15902.0	12018.0	16279.0	12079.0	13613.0	11799.0	12487.0	9025.0	11680.0	14585.0	14879.0	15102.0	17128.0	14402.0	7876.0	9183.0	9675.0	10035.0	19318.0	12407.0	9093.0	7936.0	12178.0
k__Bacteria;p__Fusobacteria;c__Fusobacteria (class)	0.0	0.0	1.0	0.0	0.0	0.0	0.0	0.0	1.0	1.0	2.0	0.0	1.0	99.0	32.0	11.0	0.0	14.0	48.0	3.0	0.0	921.0	10.0	8.0	21.0	4.0	1.0	0.0	14.0	5.0	1.0	2.0	4.0	22.0	1.0	1.0	0.0	10.0	2.0	5.0	0.0	0.0	6.0	1.0	34.0	7.0	6.0	17.0	3.0	1.0	45.0	1.0	0.0	0.0	0.0	0.0	0.0	1.0	0.0	2.0	0.0	1.0	0.0	0.0	0.0	4.0	0.0	40.0	0.0	1.0	0.0	0.0	0.0	2.0	1.0	0.0	0.0	100.0	6.0	0.0	28.0	1.0	46.0	85.0	13.0	0.0	0.0	0.0	3.0	1.0	19.0	1.0	3.0	0.0	190.0	0.0	1.0	1.0	0.0	103.0	1.0	7.0	120.0	1.0	1.0	56.0	3.0	5.0	0.0	0.0	40.0	0.0	0.0	1.0	2.0	3.0	1.0	0.0	0.0	0.0	44.0	1.0	7.0	11.0	0.0	5.0	0.0	0.0	1.0	1.0
k__Bacteria;p__OP10;c__CH21	0.0	0.0	0.0	0.0	0.0	0.0	0.0	0.0	0.0	0.0	0.0	0.0	0.0	0.0	0.0	0.0	0.0	0.0	0.0	0.0	0.0	0.0	0.0	0.0	0.0	0.0	0.0	0.0	0.0	0.0	0.0	0.0	0.0	0.0	0.0	0.0	0.0	0.0	0.0	0.0	0.0	0.0	0.0	0.0	0.0	0.0	0.0	0.0	0.0	0.0	0.0	0.0	0.0	0.0	0.0	0.0	0.0	0.0	0.0	0.0	0.0	0.0	0.0	0.0	0.0	0.0	0.0	0.0	0.0	0.0	0.0	0.0	0.0	0.0	0.0	0.0	0.0	0.0	0.0	0.0	0.0	0.0	0.0	0.0	0.0	0.0	0.0	0.0	0.0	0.0	0.0	0.0	0.0	0.0	0.0	0.0	0.0	0.0	0.0	0.0	0.0	0.0	0.0	0.0	0.0	0.0	0.0	0.0	0.0	0.0	0.0	0.0	0.0	0.0	0.0	0.0	0.0	0.0	0.0	0.0	0.0	0.0	0.0	0.0	0.0	0.0	0.0	0.0	0.0	0.0
k__Bacteria;p__Proteobacteria;c__Alphaproteobacteria	0.0	0.0	0.0	0.0	1.0	0.0	0.0	0.0	0.0	0.0	1.0	0.0	0.0	0.0	0.0	0.0	0.0	0.0	0.0	0.0	0.0	33.0	0.0	0.0	0.0	0.0	0.0	0.0	0.0	0.0	0.0	0.0	1.0	10.0	0.0	0.0	0.0	3.0	0.0	2.0	1.0	0.0	1.0	15.0	10.0	2.0	0.0	7.0	0.0	0.0	1.0	0.0	0.0	0.0	0.0	0.0	1.0	0.0	0.0	0.0	0.0	0.0	0.0	0.0	0.0	0.0	1.0	0.0	0.0	0.0	0.0	0.0	0.0	2.0	0.0	0.0	0.0	0.0	0.0	0.0	0.0	1.0	1.0	0.0	0.0	1.0	0.0	0.0	0.0	0.0	0.0	1.0	1.0	0.0	1.0	0.0	0.0	0.0	0.0	1.0	0.0	1.0	0.0	1.0	0.0	1.0	0.0	0.0	0.0	0.0	0.0	0.0	0.0	0.0	0.0	0.0	0.0	1.0	0.0	0.0	0.0	0.0	0.0	0.0	0.0	0.0	0.0	0.0	0.0	1.0
k__Bacteria;p__Proteobacteria;c__Betaproteobacteria	1.0	2.0	1.0	1.0	0.0	1.0	1.0	0.0	0.0	0.0	0.0	0.0	0.0	1.0	0.0	0.0	0.0	0.0	1.0	0.0	0.0	313.0	1.0	0.0	0.0	0.0	0.0	0.0	0.0	0.0	0.0	592.0	513.0	401.0	154.0	1040.0	1330.0	89.0	152.0	391.0	331.0	573.0	109.0	581.0	818.0	453.0	2072.0	902.0	791.0	286.0	110.0	429.0	851.0	888.0	914.0	673.0	600.0	1068.0	551.0	1233.0	322.0	396.0	1887.0	751.0	423.0	306.0	292.0	163.0	276.0	1171.0	923.0	856.0	1002.0	776.0	474.0	617.0	595.0	244.0	954.0	269.0	511.0	529.0	269.0	367.0	737.0	1310.0	757.0	289.0	153.0	244.0	233.0	313.0	134.0	217.0	133.0	354.0	638.0	1123.0	286.0	357.0	282.0	1318.0	160.0	393.0	253.0	920.0	471.0	382.0	436.0	766.0	150.0	283.0	464.0	598.0	518.0	631.0	1333.0	728.0	510.0	323.0	272.0	123.0	96.0	155.0	417.0	639.0	371.0	1476.0	1126.0	446.0
k__Bacteria;p__Proteobacteria;c__Deltaproteobacteria	292.0	463.0	349.0	248.0	290.0	540.0	296.0	184.0	201.0	304.0	266.0	404.0	323.0	242.0	68.0	133.0	157.0	256.0	162.0	146.0	292.0	307.0	1021.0	82.0	188.0	125.0	299.0	320.0	254.0	225.0	196.0	56.0	161.0	115.0	111.0	326.0	412.0	164.0	152.0	193.0	503.0	183.0	260.0	219.0	200.0	165.0	215.0	137.0	169.0	502.0	652.0	110.0	42.0	110.0	154.0	179.0	190.0	289.0	251.0	76.0	217.0	146.0	215.0	288.0	270.0	190.0	123.0	215.0	41.0	10.0	208.0	75.0	133.0	346.0	132.0	78.0	349.0	929.0	478.0	58.0	831.0	281.0	219.0	162.0	349.0	125.0	194.0	116.0	341.0	131.0	390.0	465.0	527.0	191.0	418.0	143.0	244.0	246.0	555.0	847.0	330.0	975.0	317.0	185.0	333.0	335.0	194.0	575.0	183.0	124.0	622.0	273.0	724.0	530.0	509.0	543.0	137.0	441.0	504.0	314.0	265.0	312.0	872.0	227.0	466.0	471.0	119.0	171.0	372.0	309.0
k__Bacteria;p__Proteobacteria;c__Epsilonproteobacteria	1.0	0.0	0.0	1.0	0.0	1.0	0.0	0.0	0.0	4.0	3.0	0.0	1.0	6.0	3.0	4.0	1.0	3.0	27.0	0.0	0.0	24.0	5.0	10.0	1.0	1.0	1.0	2.0	1.0	0.0	0.0	1.0	0.0	0.0	0.0	0.0	0.0	2.0	1.0	1.0	0.0	0.0	0.0	0.0	3.0	3.0	5.0	0.0	13.0	2.0	1.0	0.0	0.0	0.0	1.0	0.0	0.0	6.0	0.0	13.0	0.0	1.0	1.0	0.0	0.0	6.0	1.0	0.0	0.0	0.0	1.0	0.0	0.0	0.0	1.0	0.0	0.0	22.0	7.0	0.0	1.0	0.0	2.0	53.0	7.0	0.0	1.0	0.0	1.0	1.0	4.0	0.0	0.0	0.0	34.0	0.0	0.0	0.0	0.0	25.0	0.0	0.0	5.0	0.0	7.0	14.0	1.0	2.0	0.0	0.0	2.0	0.0	0.0	0.0	0.0	2.0	0.0	1.0	0.0	0.0	1.0	0.0	0.0	4.0	0.0	7.0	0.0	0.0	3.0	0.0
k__Bacteria;p__Proteobacteria;c__Gammaproteobacteria	4709.0	2147.0	1737.0	4807.0	986.0	1869.0	956.0	303.0	2246.0	171.0	359.0	477.0	1651.0	1424.0	207.0	3478.0	260.0	661.0	1071.0	124.0	168.0	1561.0	1293.0	621.0	4621.0	463.0	278.0	989.0	29.0	1609.0	757.0	369.0	686.0	1604.0	10019.0	1981.0	5789.0	8843.0	3232.0	4264.0	5244.0	771.0	2147.0	2207.0	301.0	406.0	80.0	165.0	115.0	271.0	3643.0	63.0	471.0	36.0	4.0	5.0	1.0	14.0	11.0	47.0	0.0	14.0	37.0	51.0	6.0	152.0	106.0	730.0	12.0	11.0	395.0	124.0	84.0	63.0	756.0	1.0	12.0	1240.0	21.0	12.0	1849.0	12.0	3529.0	38.0	26.0	22.0	166.0	11.0	50.0	0.0	70.0	3.0	37.0	1.0	60.0	16.0	12.0	4.0	1333.0	119.0	223.0	163.0	129.0	94.0	151.0	11.0	18.0	66.0	5.0	33.0	398.0	5.0	0.0	7.0	117.0	27.0	2.0	0.0	126.0	9.0	13.0	95.0	240.0	201.0	1.0	32.0	6.0	13.0	42.0	23.0
k__Bacteria;p__Synergistetes;c__Synergistia	0.0	0.0	0.0	0.0	0.0	0.0	0.0	0.0	1.0	1.0	0.0	0.0	0.0	0.0	0.0	1.0	0.0	0.0	0.0	0.0	0.0	0.0	0.0	0.0	0.0	0.0	0.0	0.0	0.0	0.0	0.0	0.0	0.0	0.0	0.0	0.0	0.0	0.0	0.0	0.0	0.0	0.0	0.0	0.0	1.0	0.0	0.0	0.0	0.0	0.0	0.0	0.0	0.0	0.0	0.0	0.0	0.0	0.0	0.0	1.0	0.0	0.0	0.0	0.0	0.0	0.0	0.0	0.0	0.0	0.0	0.0	0.0	0.0	0.0	0.0	0.0	0.0	0.0	0.0	0.0	0.0	0.0	0.0	0.0	0.0	1.0	0.0	0.0	0.0	0.0	1.0	0.0	0.0	0.0	1.0	0.0	0.0	0.0	0.0	1.0	0.0	0.0	0.0	0.0	1.0	0.0	0.0	0.0	0.0	0.0	0.0	0.0	0.0	0.0	0.0	0.0	0.0	0.0	0.0	0.0	0.0	0.0	0.0	0.0	0.0	0.0	0.0	0.0	0.0	0.0
k__Bacteria;p__TM7;c__TM7-3	0.0	0.0	0.0	0.0	0.0	0.0	0.0	0.0	0.0	0.0	0.0	0.0	0.0	0.0	0.0	0.0	0.0	0.0	0.0	0.0	0.0	0.0	0.0	0.0	0.0	0.0	0.0	0.0	0.0	0.0	0.0	0.0	0.0	0.0	0.0	0.0	0.0	0.0	0.0	0.0	0.0	0.0	0.0	0.0	0.0	0.0	0.0	0.0	0.0	0.0	0.0	0.0	0.0	0.0	0.0	0.0	0.0	0.0	0.0	0.0	0.0	0.0	1.0	0.0	0.0	0.0	0.0	0.0	0.0	0.0	0.0	0.0	0.0	0.0	0.0	0.0	0.0	0.0	0.0	0.0	0.0	0.0	0.0	0.0	0.0	0.0	0.0	0.0	0.0	0.0	0.0	0.0	0.0	0.0	0.0	0.0	1.0	0.0	0.0	0.0	0.0	0.0	0.0	1.0	0.0	0.0	0.0	0.0	0.0	0.0	0.0	0.0	0.0	0.0	0.0	0.0	0.0	0.0	0.0	0.0	0.0	1.0	0.0	0.0	0.0	0.0	0.0	0.0	0.0	0.0
k__Bacteria;p__Tenericutes;c__Erysipelotrichi	11.0	25.0	28.0	21.0	34.0	22.0	15.0	22.0	7.0	9.0	16.0	4.0	22.0	12.0	29.0	31.0	40.0	40.0	59.0	20.0	46.0	91.0	29.0	43.0	107.0	74.0	53.0	25.0	45.0	42.0	44.0	56.0	197.0	121.0	52.0	160.0	76.0	23.0	101.0	316.0	206.0	91.0	1172.0	223.0	264.0	75.0	124.0	208.0	93.0	70.0	137.0	107.0	158.0	75.0	96.0	202.0	169.0	246.0	245.0	210.0	185.0	45.0	145.0	239.0	90.0	77.0	97.0	58.0	101.0	169.0	209.0	138.0	157.0	199.0	292.0	234.0	309.0	106.0	265.0	80.0	213.0	424.0	140.0	247.0	254.0	105.0	95.0	335.0	413.0	144.0	161.0	174.0	217.0	262.0	294.0	267.0	133.0	191.0	112.0	259.0	132.0	155.0	169.0	299.0	329.0	496.0	97.0	247.0	115.0	540.0	284.0	369.0	200.0	270.0	233.0	206.0	211.0	198.0	198.0	287.0	201.0	111.0	177.0	218.0	148.0	272.0	358.0	129.0	128.0	174.0
k__Bacteria;p__Tenericutes;c__ML615J-28	0.0	0.0	0.0	0.0	0.0	0.0	0.0	0.0	0.0	0.0	0.0	0.0	0.0	0.0	0.0	0.0	0.0	0.0	0.0	0.0	0.0	0.0	0.0	0.0	0.0	0.0	0.0	0.0	0.0	0.0	0.0	0.0	0.0	0.0	0.0	0.0	0.0	0.0	0.0	0.0	0.0	0.0	0.0	0.0	0.0	0.0	0.0	0.0	0.0	0.0	0.0	0.0	0.0	0.0	0.0	0.0	0.0	0.0	0.0	0.0	0.0	0.0	0.0	0.0	0.0	0.0	0.0	0.0	0.0	0.0	0.0	0.0	0.0	0.0	0.0	0.0	0.0	0.0	0.0	0.0	0.0	0.0	0.0	0.0	0.0	0.0	0.0	0.0	0.0	0.0	0.0	0.0	0.0	0.0	0.0	0.0	0.0	0.0	0.0	0.0	0.0	0.0	0.0	0.0	0.0	0.0	0.0	0.0	0.0	0.0	0.0	0.0	0.0	0.0	0.0	0.0	0.0	0.0	0.0	0.0	0.0	0.0	0.0	0.0	0.0	0.0	0.0	0.0	0.0	0.0
k__Bacteria;p__Tenericutes;c__Mollicutes	0.0	0.0	0.0	0.0	0.0	0.0	0.0	0.0	0.0	0.0	0.0	0.0	0.0	0.0	0.0	0.0	0.0	0.0	0.0	0.0	0.0	0.0	0.0	0.0	0.0	0.0	0.0	0.0	0.0	0.0	0.0	0.0	0.0	0.0	0.0	0.0	0.0	0.0	0.0	0.0	0.0	0.0	0.0	0.0	0.0	0.0	0.0	0.0	0.0	0.0	0.0	0.0	0.0	0.0	0.0	0.0	0.0	0.0	0.0	0.0	0.0	0.0	0.0	0.0	0.0	0.0	0.0	0.0	0.0	0.0	0.0	0.0	0.0	0.0	0.0	0.0	0.0	0.0	0.0	0.0	0.0	0.0	0.0	0.0	0.0	0.0	0.0	0.0	0.0	0.0	0.0	0.0	0.0	0.0	0.0	0.0	0.0	0.0	0.0	0.0	0.0	0.0	0.0	0.0	0.0	0.0	0.0	0.0	0.0	0.0	0.0	0.0	0.0	0.0	0.0	0.0	0.0	0.0	0.0	0.0	0.0	0.0	0.0	0.0	0.0	0.0	0.0	0.0	0.0	0.0
k__Bacteria;p__Thermi;c__Deinococci	0.0	0.0	0.0	0.0	0.0	0.0	0.0	0.0	0.0	0.0	0.0	0.0	0.0	0.0	0.0	0.0	0.0	0.0	0.0	0.0	0.0	0.0	0.0	0.0	0.0	0.0	0.0	0.0	0.0	0.0	0.0	0.0	0.0	0.0	0.0	0.0	0.0	0.0	0.0	0.0	0.0	0.0	0.0	0.0	0.0	0.0	0.0	0.0	0.0	0.0	0.0	0.0	0.0	0.0	0.0	0.0	0.0	0.0	0.0	0.0	0.0	0.0	0.0	0.0	0.0	0.0	0.0	0.0	0.0	0.0	0.0	0.0	0.0	0.0	0.0	0.0	0.0	0.0	0.0	0.0	0.0	0.0	0.0	0.0	0.0	0.0	0.0	0.0	0.0	0.0	0.0	0.0	0.0	0.0	0.0	0.0	0.0	0.0	0.0	0.0	0.0	0.0	1.0	0.0	0.0	0.0	0.0	0.0	0.0	0.0	0.0	0.0	0.0	0.0	0.0	0.0	0.0	0.0	0.0	0.0	0.0	0.0	0.0	0.0	0.0	0.0	0.0	0.0	0.0	0.0
k__Bacteria;p__Verrucomicrobia;c__Verrucomicrobiae	395.0	13460.0	11115.0	9172.0	11436.0	18765.0	15874.0	4080.0	4196.0	6595.0	4855.0	9037.0	6706.0	8115.0	6997.0	5743.0	11623.0	4388.0	6427.0	2488.0	5467.0	3.0	12541.0	6110.0	5834.0	2940.0	7114.0	7941.0	8346.0	6363.0	8119.0	2549.0	2269.0	370.0	14.0	3.0	19.0	3.0	5.0	25.0	20.0	1.0	19.0	1608.0	1454.0	7041.0	955.0	6199.0	1989.0	9146.0	5611.0	1557.0	62.0	3247.0	2270.0	1728.0	5641.0	7377.0	3016.0	113.0	907.0	6840.0	1499.0	3328.0	4670.0	2742.0	1876.0	7673.0	364.0	1.0	1062.0	1621.0	2124.0	6048.0	293.0	707.0	4284.0	4505.0	5653.0	35.0	8922.0	93.0	25.0	38.0	763.0	1188.0	4266.0	5210.0	4962.0	5356.0	1419.0	5636.0	3029.0	504.0	6900.0	2867.0	4037.0	1937.0	2479.0	2172.0	7240.0	5767.0	6550.0	4699.0	1317.0	1986.0	1539.0	5642.0	3926.0	266.0	10250.0	4874.0	5058.0	7162.0	9050.0	2385.0	134.0	1140.0	65.0	445.0	5329.0	12423.0	10631.0	3278.0	4497.0	6864.0	1280.0	124.0	675.0	3645.0