# QIIME v1.2.1 OTU table
#OTU ID	0	1	2	3	4	5	6	8	9	10	11	12	13	14	15	16	17	18	19	20	21	22	23	24	25	26	27	28	29	30	31	42	43	44	45	46	47	48	49	50	51	53	54	55	56	57	58	59	60	61	62	71	72	81	82	83	84	91	92	93	95	96	97	98	99	100	101	102	103	104	112	113	114	115	116	117	118	119	120	122	123	124	125	126	127	128	129	130	131	132	133	134	135	136	137	138	139	140	141	142	143	144	145	146	147	148	149	151	152	153	155	157	158	159	160	161	166	170	171	172	173	174	175	176	177	178	179	180	181	182	183	184	185
k__Archaea;p__Crenarchaeota	10.0	35.0	17.0	6.0	38.0	14.0	24.0	9.0	4.0	16.0	12.0	6.0	6.0	7.0	10.0	26.0	8.0	18.0	6.0	7.0	3.0	3.0	8.0	3.0	13.0	20.0	9.0	5.0	0.0	4.0	0.0	17.0	12.0	0.0	4.0	6.0	11.0	18.0	17.0	12.0	4.0	10.0	4.0	5.0	11.0	13.0	7.0	2.0	4.0	4.0	11.0	7.0	35.0	10.0	25.0	27.0	9.0	10.0	28.0	16.0	25.0	16.0	3.0	27.0	7.0	22.0	11.0	140.0	47.0	21.0	40.0	7.0	50.0	25.0	37.0	66.0	10.0	7.0	74.0	18.0	15.0	78.0	6.0	32.0	15.0	23.0	28.0	29.0	46.0	29.0	22.0	20.0	5.0	25.0	24.0	22.0	34.0	52.0	12.0	18.0	36.0	41.0	21.0	18.0	18.0	15.0	12.0	92.0	24.0	79.0	52.0	21.0	35.0	8.0	33.0	21.0	216.0	40.0	26.0	21.0	40.0	16.0	24.0	16.0	135.0	12.0	14.0	23.0	20.0	34.0	29.0	19.0	28.0
k__Archaea;p__Euryarchaeota	1.0	0.0	0.0	0.0	0.0	0.0	0.0	0.0	0.0	0.0	0.0	0.0	0.0	0.0	0.0	2.0	0.0	0.0	0.0	1.0	0.0	0.0	0.0	0.0	0.0	0.0	0.0	1.0	0.0	0.0	0.0	0.0	0.0	0.0	1.0	0.0	1.0	0.0	0.0	0.0	0.0	0.0	0.0	0.0	0.0	3.0	0.0	1.0	0.0	0.0	0.0	0.0	0.0	0.0	0.0	0.0	0.0	0.0	0.0	2.0	0.0	0.0	0.0	0.0	0.0	0.0	0.0	0.0	0.0	0.0	2.0	1.0	2.0	0.0	0.0	0.0	4.0	0.0	0.0	0.0	0.0	1.0	0.0	0.0	0.0	0.0	1.0	0.0	1.0	0.0	0.0	0.0	0.0	0.0	0.0	0.0	1.0	0.0	0.0	0.0	0.0	4.0	0.0	0.0	0.0	0.0	0.0	2.0	1.0	0.0	1.0	0.0	1.0	0.0	0.0	0.0	3.0	0.0	0.0	0.0	0.0	0.0	0.0	0.0	0.0	2.0	0.0	0.0	0.0	0.0	0.0	0.0	0.0
k__Bacteria;p__	0.0	0.0	0.0	0.0	0.0	0.0	0.0	0.0	0.0	0.0	0.0	0.0	0.0	0.0	0.0	0.0	0.0	0.0	0.0	0.0	0.0	0.0	0.0	0.0	0.0	0.0	0.0	0.0	0.0	0.0	0.0	0.0	0.0	0.0	0.0	0.0	0.0	0.0	0.0	0.0	0.0	0.0	0.0	0.0	0.0	0.0	0.0	0.0	0.0	0.0	0.0	0.0	0.0	0.0	0.0	0.0	0.0	0.0	0.0	0.0	0.0	0.0	0.0	0.0	0.0	0.0	2.0	0.0	0.0	0.0	0.0	0.0	0.0	0.0	0.0	0.0	0.0	0.0	0.0	0.0	0.0	0.0	0.0	0.0	0.0	0.0	0.0	0.0	0.0	0.0	0.0	0.0	0.0	1.0	0.0	0.0	0.0	0.0	0.0	0.0	0.0	0.0	0.0	0.0	0.0	0.0	0.0	0.0	0.0	0.0	0.0	0.0	0.0	0.0	0.0	0.0	0.0	0.0	0.0	0.0	0.0	0.0	0.0	0.0	0.0	0.0	0.0	0.0	0.0	0.0	0.0	0.0	0.0
k__Bacteria;p__ABY1_OD1	0.0	0.0	0.0	0.0	0.0	0.0	0.0	0.0	0.0	0.0	0.0	0.0	0.0	0.0	0.0	0.0	0.0	0.0	0.0	0.0	0.0	0.0	0.0	0.0	0.0	0.0	0.0	0.0	0.0	0.0	0.0	0.0	0.0	0.0	0.0	0.0	0.0	0.0	0.0	0.0	0.0	0.0	0.0	0.0	0.0	0.0	0.0	0.0	0.0	0.0	0.0	0.0	0.0	0.0	0.0	0.0	0.0	0.0	0.0	0.0	0.0	0.0	0.0	0.0	0.0	0.0	0.0	0.0	0.0	0.0	0.0	0.0	0.0	0.0	0.0	0.0	0.0	0.0	0.0	0.0	0.0	0.0	0.0	0.0	0.0	0.0	0.0	0.0	0.0	0.0	0.0	0.0	0.0	0.0	0.0	0.0	0.0	0.0	0.0	0.0	0.0	0.0	0.0	0.0	0.0	0.0	0.0	0.0	0.0	1.0	0.0	0.0	0.0	0.0	0.0	0.0	0.0	0.0	0.0	0.0	0.0	0.0	0.0	0.0	0.0	0.0	0.0	0.0	0.0	0.0	0.0	0.0	0.0
k__Bacteria;p__AD3	0.0	0.0	0.0	0.0	0.0	0.0	0.0	0.0	0.0	0.0	0.0	0.0	0.0	0.0	0.0	0.0	0.0	0.0	0.0	0.0	0.0	0.0	0.0	0.0	0.0	0.0	0.0	0.0	0.0	0.0	0.0	0.0	0.0	0.0	0.0	0.0	0.0	0.0	0.0	0.0	0.0	0.0	0.0	0.0	0.0	0.0	0.0	0.0	0.0	0.0	0.0	0.0	0.0	0.0	0.0	0.0	0.0	0.0	0.0	0.0	0.0	0.0	0.0	0.0	0.0	0.0	0.0	0.0	0.0	0.0	0.0	0.0	0.0	0.0	0.0	0.0	0.0	0.0	0.0	0.0	0.0	0.0	0.0	0.0	0.0	0.0	0.0	0.0	0.0	0.0	0.0	0.0	0.0	0.0	0.0	0.0	0.0	0.0	0.0	0.0	0.0	0.0	0.0	0.0	0.0	0.0	0.0	0.0	0.0	0.0	0.0	0.0	0.0	0.0	0.0	0.0	0.0	0.0	0.0	0.0	0.0	0.0	0.0	0.0	0.0	0.0	0.0	0.0	0.0	0.0	0.0	0.0	0.0
k__Bacteria;p__Acidobacteria	86.0	186.0	105.0	37.0	348.0	154.0	248.0	84.0	35.0	155.0	145.0	21.0	80.0	46.0	38.0	146.0	14.0	126.0	53.0	90.0	50.0	25.0	38.0	72.0	93.0	116.0	84.0	89.0	51.0	24.0	40.0	70.0	63.0	47.0	28.0	21.0	91.0	84.0	96.0	76.0	22.0	149.0	141.0	45.0	50.0	147.0	52.0	43.0	48.0	37.0	35.0	38.0	168.0	84.0	150.0	221.0	48.0	56.0	181.0	189.0	265.0	84.0	40.0	74.0	49.0	158.0	106.0	794.0	162.0	92.0	214.0	37.0	243.0	171.0	164.0	239.0	24.0	34.0	393.0	141.0	66.0	315.0	51.0	138.0	73.0	122.0	306.0	135.0	128.0	161.0	139.0	133.0	9.0	119.0	134.0	160.0	85.0	280.0	111.0	126.0	134.0	195.0	124.0	86.0	43.0	34.0	81.0	453.0	280.0	319.0	334.0	169.0	102.0	37.0	130.0	115.0	829.0	166.0	76.0	96.0	250.0	54.0	89.0	56.0	496.0	107.0	141.0	127.0	111.0	176.0	99.0	33.0	102.0
k__Bacteria;p__Actinobacteria	9266.0	11674.0	4746.0	9988.0	5213.0	7213.0	6650.0	4865.0	4215.0	5135.0	12835.0	9978.0	7498.0	6488.0	6340.0	7327.0	14330.0	7530.0	14816.0	6072.0	10154.0	4582.0	9475.0	8863.0	4766.0	3158.0	5046.0	6186.0	15867.0	5664.0	7933.0	7886.0	7230.0	2508.0	2808.0	9055.0	4236.0	8968.0	3944.0	4398.0	4490.0	3568.0	4280.0	3032.0	4319.0	5434.0	2728.0	4410.0	4566.0	4710.0	5566.0	5324.0	5885.0	4374.0	6250.0	6825.0	3567.0	12187.0	6385.0	7286.0	5122.0	6333.0	6258.0	5562.0	7631.0	3864.0	11302.0	7714.0	5399.0	5956.0	8623.0	7715.0	8020.0	7168.0	5113.0	6760.0	7143.0	13687.0	7953.0	6240.0	3921.0	5649.0	8922.0	5896.0	4848.0	4906.0	7121.0	4399.0	5980.0	7269.0	6421.0	6288.0	15388.0	4208.0	4822.0	7478.0	5875.0	4625.0	4901.0	4866.0	4803.0	5531.0	8657.0	4844.0	2235.0	3359.0	7237.0	7942.0	8841.0	7042.0	5844.0	6446.0	5441.0	2648.0	9296.0	10327.0	12691.0	5581.0	4427.0	9217.0	6270.0	6201.0	4661.0	4013.0	7862.0	4265.0	7065.0	5507.0	3401.0	5690.0	5398.0	5081.0	5635.0
k__Bacteria;p__Aquificae	0.0	0.0	0.0	0.0	0.0	0.0	0.0	0.0	0.0	0.0	0.0	0.0	0.0	0.0	0.0	0.0	0.0	0.0	0.0	0.0	0.0	0.0	0.0	0.0	0.0	0.0	0.0	0.0	0.0	0.0	0.0	0.0	0.0	0.0	0.0	0.0	0.0	0.0	0.0	0.0	0.0	0.0	0.0	0.0	0.0	0.0	0.0	0.0	0.0	0.0	0.0	0.0	0.0	0.0	0.0	0.0	0.0	0.0	0.0	0.0	0.0	0.0	0.0	0.0	0.0	0.0	0.0	0.0	0.0	0.0	0.0	0.0	0.0	0.0	0.0	0.0	0.0	0.0	0.0	0.0	0.0	14.0	0.0	0.0	0.0	0.0	0.0	0.0	2.0	0.0	0.0	2.0	0.0	0.0	0.0	0.0	0.0	0.0	0.0	0.0	0.0	0.0	0.0	0.0	0.0	0.0	0.0	0.0	0.0	0.0	0.0	0.0	0.0	0.0	0.0	0.0	0.0	0.0	0.0	0.0	0.0	0.0	0.0	0.0	0.0	0.0	0.0	0.0	0.0	0.0	0.0	0.0	0.0
k__Bacteria;p__BRC1	0.0	0.0	0.0	3.0	0.0	1.0	18.0	0.0	0.0	1.0	0.0	0.0	0.0	3.0	2.0	0.0	0.0	3.0	0.0	0.0	2.0	0.0	0.0	0.0	0.0	1.0	0.0	1.0	3.0	0.0	0.0	0.0	1.0	0.0	0.0	0.0	0.0	1.0	1.0	0.0	0.0	0.0	0.0	1.0	0.0	0.0	0.0	0.0	1.0	0.0	0.0	0.0	0.0	0.0	0.0	4.0	0.0	0.0	2.0	1.0	3.0	0.0	0.0	0.0	0.0	1.0	0.0	0.0	1.0	1.0	3.0	1.0	2.0	2.0	0.0	0.0	0.0	1.0	2.0	1.0	0.0	0.0	0.0	1.0	1.0	0.0	0.0	1.0	4.0	1.0	4.0	1.0	0.0	0.0	0.0	1.0	0.0	2.0	0.0	2.0	1.0	5.0	0.0	1.0	0.0	0.0	0.0	0.0	3.0	0.0	9.0	0.0	0.0	1.0	2.0	0.0	8.0	0.0	0.0	0.0	2.0	0.0	0.0	0.0	2.0	3.0	0.0	1.0	3.0	2.0	1.0	3.0	3.0
k__Bacteria;p__Bacteroidetes	4306.0	4369.0	2263.0	1629.0	2581.0	1434.0	3441.0	3143.0	1508.0	2115.0	3761.0	1224.0	1720.0	3426.0	2350.0	1559.0	795.0	2555.0	2244.0	1701.0	1142.0	2244.0	1050.0	1442.0	2501.0	1435.0	1518.0	2440.0	1648.0	2742.0	962.0	2096.0	1249.0	987.0	1844.0	2671.0	1787.0	1484.0	1469.0	2684.0	1528.0	2559.0	2228.0	2765.0	1447.0	2149.0	2411.0	1609.0	2102.0	1278.0	1066.0	818.0	1533.0	1432.0	1353.0	5412.0	798.0	1003.0	1411.0	1779.0	1490.0	1026.0	5827.0	1177.0	1825.0	2766.0	1810.0	2466.0	1309.0	1495.0	1721.0	2724.0	3216.0	2170.0	3174.0	2903.0	1643.0	2316.0	1949.0	4330.0	3377.0	2977.0	2705.0	3160.0	2269.0	3088.0	5955.0	3159.0	3019.0	2360.0	2134.0	8073.0	2107.0	7894.0	3583.0	2749.0	4631.0	4743.0	2951.0	4391.0	1405.0	3690.0	1474.0	1775.0	2427.0	1193.0	1788.0	2082.0	2667.0	2000.0	1687.0	2229.0	1036.0	1125.0	2308.0	2963.0	3684.0	1884.0	1748.0	2087.0	2318.0	3422.0	3036.0	5783.0	4165.0	1975.0	2660.0	1737.0	4014.0	3990.0	3244.0	2383.0	5736.0
k__Bacteria;p__CCM11b	0.0	0.0	0.0	0.0	0.0	0.0	0.0	0.0	0.0	0.0	0.0	0.0	0.0	0.0	0.0	0.0	0.0	0.0	0.0	0.0	0.0	0.0	0.0	0.0	0.0	0.0	0.0	0.0	0.0	0.0	0.0	0.0	0.0	0.0	0.0	0.0	0.0	0.0	0.0	0.0	0.0	0.0	3.0	0.0	0.0	0.0	0.0	0.0	0.0	0.0	0.0	0.0	0.0	0.0	0.0	0.0	0.0	0.0	0.0	0.0	1.0	1.0	0.0	0.0	0.0	0.0	1.0	0.0	0.0	0.0	0.0	0.0	0.0	0.0	0.0	1.0	0.0	0.0	2.0	0.0	0.0	0.0	0.0	2.0	0.0	0.0	0.0	0.0	0.0	0.0	0.0	0.0	0.0	0.0	0.0	0.0	0.0	0.0	0.0	1.0	1.0	0.0	0.0	0.0	0.0	0.0	0.0	1.0	0.0	0.0	0.0	0.0	0.0	0.0	2.0	0.0	0.0	0.0	0.0	1.0	0.0	2.0	0.0	0.0	0.0	0.0	0.0	0.0	1.0	0.0	0.0	0.0	0.0
k__Bacteria;p__Caldithrix_KSB1	0.0	0.0	0.0	0.0	0.0	0.0	0.0	0.0	0.0	0.0	0.0	0.0	0.0	0.0	0.0	0.0	0.0	0.0	0.0	0.0	0.0	0.0	0.0	0.0	0.0	0.0	0.0	0.0	0.0	0.0	0.0	0.0	0.0	0.0	0.0	0.0	0.0	0.0	0.0	0.0	0.0	0.0	0.0	0.0	0.0	0.0	0.0	0.0	0.0	0.0	0.0	0.0	0.0	0.0	0.0	0.0	0.0	0.0	0.0	0.0	0.0	0.0	0.0	0.0	0.0	0.0	0.0	0.0	0.0	0.0	0.0	0.0	0.0	0.0	0.0	0.0	0.0	0.0	0.0	0.0	0.0	0.0	0.0	0.0	0.0	0.0	0.0	0.0	0.0	0.0	0.0	0.0	0.0	0.0	0.0	0.0	0.0	0.0	0.0	0.0	0.0	0.0	0.0	0.0	0.0	0.0	0.0	0.0	0.0	0.0	0.0	0.0	0.0	0.0	0.0	0.0	0.0	0.0	0.0	0.0	0.0	0.0	0.0	0.0	0.0	0.0	0.0	0.0	0.0	0.0	0.0	0.0	0.0
k__Bacteria;p__Chlamydiae	0.0	1.0	3.0	0.0	0.0	0.0	1.0	0.0	0.0	1.0	0.0	0.0	0.0	0.0	0.0	0.0	0.0	0.0	0.0	0.0	0.0	0.0	0.0	0.0	0.0	0.0	0.0	0.0	0.0	0.0	0.0	0.0	0.0	0.0	1.0	0.0	0.0	0.0	0.0	0.0	0.0	0.0	0.0	0.0	0.0	0.0	0.0	0.0	0.0	0.0	0.0	0.0	0.0	0.0	0.0	0.0	0.0	0.0	1.0	0.0	2.0	0.0	0.0	1.0	0.0	0.0	0.0	0.0	0.0	1.0	0.0	0.0	1.0	0.0	0.0	0.0	0.0	0.0	0.0	1.0	0.0	0.0	0.0	0.0	0.0	0.0	0.0	0.0	0.0	0.0	0.0	0.0	0.0	0.0	0.0	0.0	0.0	0.0	0.0	1.0	0.0	1.0	1.0	0.0	0.0	0.0	0.0	0.0	0.0	0.0	0.0	0.0	0.0	0.0	0.0	0.0	0.0	0.0	0.0	0.0	0.0	0.0	0.0	0.0	0.0	0.0	0.0	0.0	0.0	0.0	0.0	0.0	0.0
k__Bacteria;p__Chlorobi	0.0	0.0	0.0	0.0	0.0	0.0	0.0	0.0	0.0	0.0	0.0	0.0	0.0	0.0	0.0	0.0	0.0	0.0	0.0	0.0	0.0	0.0	0.0	0.0	0.0	2.0	1.0	1.0	0.0	0.0	0.0	0.0	1.0	0.0	1.0	0.0	0.0	0.0	0.0	0.0	0.0	0.0	0.0	0.0	0.0	0.0	0.0	0.0	0.0	0.0	0.0	0.0	0.0	0.0	0.0	0.0	0.0	0.0	0.0	0.0	4.0	0.0	0.0	0.0	0.0	1.0	0.0	0.0	0.0	0.0	0.0	2.0	2.0	0.0	0.0	0.0	0.0	0.0	2.0	0.0	0.0	0.0	0.0	0.0	0.0	1.0	0.0	0.0	0.0	0.0	0.0	0.0	0.0	0.0	0.0	0.0	0.0	0.0	0.0	0.0	1.0	0.0	0.0	0.0	0.0	0.0	0.0	7.0	1.0	0.0	1.0	0.0	0.0	0.0	0.0	0.0	3.0	0.0	0.0	2.0	0.0	0.0	0.0	0.0	0.0	0.0	0.0	0.0	0.0	0.0	0.0	0.0	0.0
k__Bacteria;p__Chloroflexi	86.0	115.0	117.0	34.0	70.0	43.0	186.0	62.0	29.0	108.0	97.0	20.0	41.0	31.0	45.0	52.0	10.0	109.0	52.0	88.0	29.0	16.0	49.0	41.0	52.0	45.0	115.0	61.0	19.0	32.0	21.0	74.0	59.0	83.0	19.0	14.0	104.0	56.0	64.0	83.0	20.0	60.0	51.0	55.0	45.0	80.0	29.0	28.0	45.0	35.0	41.0	12.0	86.0	84.0	73.0	133.0	36.0	39.0	119.0	78.0	190.0	53.0	4.0	42.0	60.0	128.0	70.0	268.0	105.0	67.0	144.0	24.0	122.0	104.0	152.0	178.0	28.0	17.0	212.0	85.0	43.0	123.0	17.0	123.0	33.0	78.0	154.0	135.0	107.0	112.0	153.0	84.0	5.0	100.0	88.0	106.0	81.0	193.0	80.0	72.0	115.0	153.0	85.0	61.0	23.0	31.0	92.0	338.0	223.0	157.0	223.0	133.0	74.0	38.0	136.0	78.0	414.0	111.0	52.0	81.0	193.0	50.0	78.0	66.0	292.0	77.0	71.0	110.0	103.0	110.0	90.0	45.0	98.0
k__Bacteria;p__Cyanobacteria	1108.0	2307.0	1373.0	460.0	798.0	1875.0	1610.0	4613.0	16990.0	1562.0	2408.0	278.0	4149.0	440.0	667.0	1660.0	160.0	2446.0	408.0	1605.0	410.0	129.0	711.0	611.0	654.0	3518.0	1558.0	468.0	424.0	190.0	375.0	1347.0	1136.0	847.0	525.0	463.0	1769.0	893.0	824.0	4039.0	4879.0	1413.0	2208.0	538.0	914.0	2436.0	407.0	675.0	487.0	1570.0	400.0	349.0	2091.0	1414.0	828.0	1338.0	5250.0	1219.0	4247.0	1864.0	892.0	527.0	449.0	10751.0	1793.0	548.0	277.0	1419.0	780.0	5575.0	779.0	548.0	871.0	1195.0	2110.0	782.0	661.0	341.0	1486.0	1046.0	6662.0	2419.0	3053.0	2382.0	3710.0	706.0	2894.0	1098.0	5044.0	3286.0	7296.0	945.0	36.0	1632.0	1739.0	4015.0	2003.0	1600.0	3055.0	1816.0	3658.0	1665.0	754.0	1172.0	3125.0	3577.0	2126.0	1594.0	1045.0	4427.0	2261.0	1703.0	4213.0	8486.0	2121.0	1566.0	3637.0	2961.0	4946.0	2682.0	2953.0	1728.0	3085.0	618.0	712.0	3859.0	1868.0	1727.0	6067.0	1182.0	2785.0	1139.0	2091.0
k__Bacteria;p__Deferribacteres	0.0	0.0	0.0	0.0	0.0	0.0	0.0	0.0	0.0	0.0	2.0	0.0	0.0	0.0	0.0	0.0	0.0	0.0	0.0	0.0	0.0	0.0	0.0	0.0	0.0	0.0	0.0	1.0	0.0	0.0	0.0	0.0	1.0	0.0	0.0	2.0	1.0	0.0	12.0	2.0	0.0	0.0	0.0	1.0	0.0	0.0	0.0	0.0	0.0	0.0	2.0	0.0	0.0	0.0	0.0	4.0	2.0	7.0	0.0	1.0	2.0	2.0	0.0	0.0	0.0	6.0	0.0	0.0	1.0	0.0	0.0	0.0	0.0	1.0	3.0	0.0	1.0	0.0	1.0	4.0	0.0	0.0	0.0	4.0	0.0	0.0	1.0	4.0	0.0	1.0	0.0	0.0	0.0	4.0	6.0	1.0	3.0	3.0	1.0	1.0	4.0	1.0	0.0	0.0	0.0	0.0	0.0	2.0	4.0	0.0	0.0	1.0	0.0	0.0	0.0	0.0	2.0	0.0	0.0	1.0	0.0	0.0	1.0	0.0	0.0	0.0	2.0	1.0	2.0	0.0	0.0	0.0	0.0
k__Bacteria;p__Elusimicrobia	0.0	0.0	0.0	0.0	0.0	0.0	0.0	0.0	0.0	0.0	0.0	0.0	0.0	0.0	0.0	0.0	0.0	0.0	0.0	0.0	0.0	0.0	0.0	0.0	1.0	1.0	0.0	1.0	0.0	0.0	0.0	0.0	0.0	0.0	0.0	0.0	0.0	0.0	0.0	0.0	0.0	0.0	1.0	0.0	0.0	0.0	0.0	0.0	0.0	0.0	0.0	0.0	0.0	0.0	0.0	0.0	0.0	0.0	0.0	0.0	0.0	0.0	0.0	0.0	0.0	0.0	0.0	0.0	0.0	0.0	0.0	0.0	0.0	0.0	0.0	0.0	0.0	0.0	1.0	0.0	0.0	0.0	0.0	0.0	0.0	0.0	0.0	0.0	0.0	0.0	0.0	0.0	0.0	0.0	0.0	1.0	0.0	2.0	3.0	0.0	0.0	0.0	0.0	0.0	0.0	0.0	0.0	3.0	1.0	0.0	0.0	0.0	0.0	0.0	0.0	1.0	0.0	0.0	0.0	0.0	0.0	0.0	0.0	0.0	0.0	0.0	0.0	0.0	1.0	1.0	0.0	0.0	0.0
k__Bacteria;p__Fibrobacteres	0.0	0.0	0.0	0.0	0.0	0.0	7.0	0.0	0.0	0.0	0.0	0.0	0.0	0.0	0.0	0.0	0.0	0.0	0.0	0.0	0.0	0.0	0.0	0.0	0.0	0.0	0.0	0.0	0.0	0.0	0.0	0.0	0.0	0.0	0.0	0.0	0.0	0.0	0.0	0.0	0.0	0.0	0.0	0.0	0.0	0.0	0.0	0.0	0.0	0.0	0.0	0.0	0.0	0.0	0.0	0.0	0.0	0.0	0.0	0.0	0.0	0.0	0.0	0.0	0.0	0.0	0.0	0.0	0.0	0.0	0.0	0.0	0.0	0.0	0.0	0.0	0.0	0.0	0.0	0.0	0.0	0.0	0.0	0.0	1.0	0.0	0.0	0.0	0.0	0.0	0.0	0.0	0.0	0.0	0.0	0.0	0.0	0.0	0.0	0.0	0.0	1.0	0.0	0.0	0.0	0.0	0.0	0.0	0.0	4.0	0.0	0.0	1.0	0.0	0.0	0.0	0.0	0.0	0.0	0.0	0.0	0.0	0.0	0.0	0.0	0.0	0.0	0.0	0.0	0.0	0.0	0.0	0.0
k__Bacteria;p__Firmicutes	16361.0	12448.0	14892.0	19030.0	8207.0	14694.0	8349.0	15458.0	10573.0	12444.0	12970.0	19880.0	12703.0	16604.0	16013.0	10577.0	6087.0	9217.0	15179.0	7297.0	10115.0	7019.0	9149.0	8674.0	6924.0	6404.0	5444.0	8306.0	14452.0	11362.0	6794.0	6650.0	10457.0	4844.0	12618.0	18661.0	6884.0	12101.0	6128.0	9170.0	9682.0	4188.0	6509.0	5551.0	7747.0	5666.0	8991.0	11618.0	7788.0	8202.0	11029.0	11387.0	6704.0	8837.0	8509.0	11461.0	5062.0	8501.0	4817.0	5720.0	8447.0	13759.0	20713.0	9949.0	15299.0	11160.0	12296.0	4622.0	4261.0	7272.0	10845.0	14083.0	10987.0	11599.0	9150.0	5893.0	16979.0	18274.0	5547.0	14061.0	12006.0	7185.0	15245.0	9201.0	11204.0	8810.0	11436.0	6585.0	8435.0	9260.0	7643.0	14536.0	16527.0	14914.0	14764.0	6391.0	7606.0	9445.0	14632.0	13006.0	10833.0	11245.0	8731.0	5416.0	4333.0	5745.0	12523.0	7658.0	5693.0	6346.0	5874.0	11156.0	6828.0	3040.0	8945.0	6878.0	12051.0	7095.0	14712.0	6165.0	7744.0	13476.0	5508.0	4528.0	5697.0	5429.0	8574.0	5416.0	2909.0	9787.0	9869.0	12870.0	12170.0
k__Bacteria;p__Fusobacteria	2264.0	2068.0	719.0	524.0	490.0	191.0	459.0	568.0	713.0	508.0	1129.0	287.0	578.0	1243.0	959.0	229.0	112.0	517.0	264.0	146.0	404.0	7658.0	285.0	555.0	462.0	88.0	264.0	2058.0	358.0	1387.0	329.0	425.0	191.0	200.0	347.0	327.0	2384.0	1544.0	5838.0	2136.0	871.0	1314.0	2705.0	5372.0	3519.0	1404.0	1672.0	3536.0	3412.0	2066.0	4061.0	412.0	1541.0	1139.0	1196.0	3123.0	721.0	541.0	1678.0	1354.0	1175.0	828.0	3512.0	672.0	793.0	1891.0	353.0	709.0	525.0	952.0	907.0	622.0	838.0	982.0	1540.0	765.0	671.0	715.0	433.0	1238.0	881.0	494.0	572.0	615.0	697.0	747.0	1547.0	943.0	1935.0	381.0	706.0	1656.0	291.0	1970.0	1168.0	383.0	2443.0	1719.0	761.0	1890.0	512.0	941.0	225.0	374.0	208.0	155.0	272.0	281.0	79.0	277.0	239.0	928.0	213.0	56.0	497.0	271.0	392.0	367.0	351.0	268.0	378.0	464.0	388.0	1425.0	633.0	362.0	350.0	504.0	246.0	394.0	475.0	199.0	539.0
k__Bacteria;p__GN02	0.0	0.0	0.0	0.0	0.0	0.0	0.0	0.0	0.0	0.0	0.0	0.0	0.0	0.0	0.0	0.0	0.0	0.0	0.0	0.0	0.0	0.0	0.0	0.0	0.0	0.0	0.0	0.0	0.0	0.0	0.0	0.0	0.0	0.0	0.0	0.0	0.0	0.0	0.0	0.0	0.0	0.0	0.0	0.0	0.0	0.0	0.0	0.0	0.0	0.0	0.0	0.0	0.0	0.0	0.0	0.0	0.0	0.0	0.0	0.0	0.0	0.0	0.0	0.0	0.0	0.0	0.0	0.0	0.0	0.0	0.0	0.0	0.0	0.0	0.0	0.0	0.0	0.0	0.0	0.0	0.0	0.0	0.0	0.0	0.0	0.0	0.0	0.0	0.0	0.0	0.0	0.0	0.0	0.0	0.0	0.0	0.0	0.0	0.0	0.0	0.0	0.0	0.0	0.0	0.0	0.0	0.0	0.0	0.0	0.0	0.0	0.0	0.0	0.0	0.0	0.0	0.0	0.0	0.0	0.0	0.0	0.0	0.0	0.0	0.0	0.0	0.0	0.0	0.0	0.0	0.0	0.0	0.0
k__Bacteria;p__Gemmatimonadetes	25.0	18.0	3.0	4.0	45.0	11.0	51.0	9.0	5.0	26.0	13.0	1.0	8.0	16.0	5.0	10.0	4.0	27.0	8.0	24.0	7.0	2.0	5.0	6.0	18.0	11.0	18.0	23.0	5.0	8.0	7.0	14.0	2.0	10.0	5.0	2.0	8.0	10.0	20.0	9.0	3.0	21.0	16.0	8.0	8.0	17.0	11.0	3.0	10.0	15.0	7.0	2.0	20.0	15.0	19.0	30.0	3.0	6.0	20.0	21.0	44.0	7.0	4.0	15.0	2.0	10.0	29.0	48.0	29.0	18.0	25.0	8.0	27.0	23.0	12.0	32.0	7.0	7.0	49.0	34.0	15.0	40.0	4.0	19.0	21.0	16.0	25.0	27.0	28.0	17.0	26.0	22.0	2.0	8.0	17.0	31.0	20.0	53.0	22.0	17.0	14.0	40.0	24.0	17.0	5.0	3.0	16.0	53.0	42.0	48.0	43.0	21.0	19.0	8.0	47.0	14.0	112.0	30.0	14.0	23.0	33.0	12.0	15.0	21.0	54.0	16.0	15.0	27.0	18.0	19.0	19.0	7.0	13.0
k__Bacteria;p__Lentisphaerae	0.0	0.0	0.0	0.0	0.0	0.0	0.0	0.0	0.0	0.0	0.0	0.0	0.0	0.0	0.0	0.0	0.0	0.0	0.0	0.0	0.0	0.0	0.0	0.0	0.0	0.0	0.0	0.0	0.0	0.0	0.0	0.0	0.0	0.0	0.0	0.0	0.0	0.0	0.0	0.0	0.0	0.0	0.0	0.0	0.0	0.0	0.0	0.0	0.0	0.0	0.0	0.0	0.0	0.0	0.0	0.0	0.0	0.0	0.0	0.0	0.0	0.0	0.0	0.0	0.0	0.0	0.0	0.0	0.0	0.0	0.0	0.0	0.0	0.0	0.0	0.0	0.0	0.0	0.0	0.0	0.0	0.0	0.0	0.0	0.0	0.0	0.0	0.0	0.0	0.0	0.0	0.0	0.0	0.0	0.0	0.0	0.0	0.0	0.0	0.0	0.0	0.0	0.0	0.0	0.0	0.0	0.0	0.0	0.0	0.0	0.0	0.0	0.0	0.0	0.0	0.0	0.0	0.0	0.0	0.0	0.0	0.0	0.0	0.0	0.0	0.0	0.0	0.0	0.0	0.0	0.0	0.0	0.0
k__Bacteria;p__MVP-15	0.0	0.0	0.0	0.0	0.0	0.0	0.0	0.0	0.0	0.0	0.0	0.0	0.0	0.0	0.0	0.0	0.0	0.0	0.0	0.0	0.0	0.0	0.0	0.0	0.0	0.0	0.0	0.0	0.0	0.0	0.0	0.0	0.0	0.0	0.0	0.0	0.0	0.0	0.0	0.0	0.0	0.0	0.0	0.0	0.0	0.0	0.0	0.0	0.0	0.0	0.0	0.0	0.0	0.0	0.0	0.0	3.0	0.0	0.0	0.0	0.0	0.0	0.0	0.0	0.0	0.0	0.0	0.0	0.0	0.0	0.0	0.0	0.0	0.0	0.0	0.0	0.0	0.0	0.0	0.0	0.0	0.0	0.0	0.0	0.0	0.0	0.0	0.0	0.0	0.0	0.0	0.0	0.0	0.0	0.0	0.0	0.0	0.0	0.0	0.0	0.0	0.0	0.0	0.0	0.0	0.0	0.0	0.0	0.0	0.0	0.0	0.0	0.0	0.0	0.0	0.0	0.0	0.0	0.0	0.0	0.0	0.0	0.0	0.0	0.0	0.0	0.0	0.0	0.0	0.0	0.0	0.0	0.0
k__Bacteria;p__NC10	0.0	0.0	0.0	0.0	0.0	0.0	0.0	0.0	0.0	0.0	0.0	0.0	0.0	0.0	0.0	0.0	0.0	0.0	0.0	0.0	0.0	0.0	0.0	0.0	0.0	0.0	0.0	0.0	0.0	0.0	0.0	0.0	0.0	0.0	0.0	0.0	0.0	0.0	0.0	0.0	0.0	0.0	0.0	0.0	0.0	0.0	0.0	0.0	0.0	0.0	0.0	0.0	0.0	0.0	0.0	0.0	0.0	0.0	0.0	0.0	0.0	0.0	0.0	0.0	0.0	0.0	0.0	0.0	0.0	0.0	0.0	0.0	0.0	0.0	0.0	0.0	0.0	0.0	0.0	0.0	0.0	0.0	0.0	0.0	0.0	0.0	0.0	0.0	0.0	0.0	0.0	0.0	0.0	0.0	1.0	0.0	0.0	0.0	0.0	0.0	0.0	0.0	0.0	0.0	0.0	0.0	0.0	0.0	0.0	0.0	0.0	0.0	0.0	0.0	0.0	0.0	0.0	0.0	0.0	0.0	0.0	0.0	0.0	0.0	0.0	0.0	0.0	0.0	0.0	0.0	0.0	0.0	0.0
k__Bacteria;p__NKB19	0.0	0.0	0.0	0.0	0.0	0.0	0.0	0.0	0.0	0.0	0.0	0.0	0.0	0.0	0.0	0.0	0.0	0.0	0.0	0.0	0.0	0.0	0.0	0.0	0.0	0.0	0.0	0.0	0.0	0.0	0.0	0.0	0.0	0.0	0.0	0.0	0.0	0.0	0.0	0.0	0.0	0.0	0.0	0.0	0.0	0.0	0.0	0.0	0.0	0.0	0.0	0.0	0.0	0.0	0.0	0.0	0.0	0.0	0.0	0.0	0.0	0.0	0.0	0.0	0.0	0.0	0.0	0.0	0.0	0.0	0.0	0.0	0.0	0.0	0.0	0.0	0.0	0.0	0.0	0.0	0.0	0.0	0.0	0.0	0.0	0.0	0.0	0.0	0.0	0.0	0.0	0.0	0.0	0.0	0.0	0.0	0.0	0.0	0.0	3.0	0.0	0.0	0.0	0.0	0.0	0.0	0.0	2.0	0.0	0.0	0.0	0.0	0.0	0.0	0.0	0.0	0.0	0.0	0.0	0.0	0.0	0.0	0.0	0.0	0.0	0.0	0.0	0.0	0.0	0.0	1.0	2.0	0.0
k__Bacteria;p__Nitrospirae	0.0	5.0	8.0	0.0	38.0	7.0	0.0	0.0	5.0	3.0	3.0	0.0	2.0	8.0	3.0	0.0	0.0	5.0	3.0	0.0	0.0	0.0	0.0	0.0	0.0	5.0	1.0	1.0	2.0	0.0	0.0	1.0	1.0	0.0	0.0	0.0	4.0	6.0	1.0	3.0	0.0	8.0	13.0	4.0	2.0	7.0	1.0	2.0	0.0	0.0	1.0	0.0	0.0	1.0	5.0	5.0	2.0	0.0	5.0	0.0	4.0	3.0	6.0	2.0	2.0	3.0	1.0	17.0	4.0	1.0	10.0	0.0	8.0	8.0	11.0	6.0	2.0	0.0	12.0	1.0	3.0	0.0	0.0	7.0	1.0	3.0	12.0	3.0	8.0	5.0	8.0	8.0	0.0	4.0	3.0	2.0	3.0	0.0	1.0	1.0	3.0	7.0	0.0	8.0	3.0	0.0	1.0	17.0	2.0	6.0	23.0	4.0	3.0	1.0	3.0	0.0	4.0	9.0	0.0	4.0	10.0	3.0	0.0	1.0	12.0	2.0	3.0	8.0	0.0	6.0	0.0	1.0	4.0
k__Bacteria;p__OP10	1.0	0.0	0.0	2.0	0.0	0.0	0.0	3.0	2.0	5.0	2.0	0.0	0.0	4.0	2.0	4.0	0.0	3.0	0.0	4.0	0.0	0.0	1.0	0.0	1.0	2.0	4.0	1.0	0.0	3.0	0.0	0.0	0.0	0.0	1.0	0.0	2.0	1.0	0.0	3.0	0.0	1.0	1.0	2.0	1.0	7.0	0.0	0.0	1.0	8.0	0.0	10.0	2.0	4.0	0.0	2.0	0.0	2.0	2.0	1.0	6.0	1.0	0.0	8.0	1.0	0.0	1.0	7.0	3.0	0.0	4.0	0.0	3.0	3.0	1.0	5.0	0.0	0.0	5.0	2.0	0.0	0.0	1.0	0.0	0.0	6.0	2.0	5.0	3.0	0.0	0.0	4.0	0.0	1.0	1.0	7.0	1.0	2.0	0.0	0.0	0.0	3.0	5.0	1.0	0.0	0.0	1.0	11.0	11.0	2.0	5.0	1.0	8.0	0.0	1.0	0.0	5.0	2.0	0.0	1.0	5.0	0.0	3.0	2.0	0.0	1.0	2.0	1.0	1.0	3.0	4.0	1.0	8.0
k__Bacteria;p__OP11	0.0	0.0	0.0	0.0	0.0	0.0	0.0	0.0	0.0	0.0	0.0	0.0	0.0	0.0	0.0	0.0	0.0	0.0	0.0	0.0	0.0	0.0	0.0	0.0	0.0	0.0	0.0	0.0	0.0	0.0	0.0	0.0	0.0	0.0	0.0	0.0	0.0	0.0	0.0	0.0	0.0	0.0	0.0	0.0	0.0	0.0	0.0	0.0	0.0	0.0	0.0	0.0	0.0	0.0	0.0	0.0	0.0	0.0	0.0	0.0	0.0	0.0	0.0	0.0	0.0	0.0	0.0	0.0	0.0	0.0	0.0	0.0	0.0	0.0	0.0	0.0	0.0	0.0	0.0	0.0	0.0	0.0	0.0	0.0	0.0	0.0	0.0	0.0	0.0	0.0	0.0	0.0	0.0	0.0	0.0	0.0	0.0	0.0	0.0	0.0	0.0	0.0	0.0	0.0	0.0	0.0	0.0	0.0	0.0	0.0	0.0	0.0	0.0	0.0	0.0	0.0	0.0	0.0	0.0	0.0	0.0	0.0	0.0	0.0	0.0	0.0	0.0	0.0	0.0	0.0	0.0	0.0	0.0
k__Bacteria;p__OP3	0.0	0.0	0.0	0.0	0.0	0.0	0.0	0.0	0.0	0.0	0.0	0.0	0.0	0.0	0.0	0.0	0.0	0.0	0.0	0.0	0.0	0.0	0.0	0.0	0.0	0.0	0.0	0.0	0.0	0.0	0.0	0.0	0.0	0.0	0.0	0.0	0.0	0.0	0.0	0.0	0.0	0.0	0.0	0.0	0.0	0.0	0.0	0.0	0.0	0.0	0.0	0.0	0.0	0.0	0.0	0.0	0.0	0.0	0.0	0.0	0.0	0.0	0.0	0.0	0.0	0.0	0.0	0.0	0.0	0.0	0.0	0.0	0.0	0.0	0.0	0.0	0.0	0.0	0.0	0.0	0.0	0.0	0.0	0.0	0.0	0.0	0.0	0.0	0.0	0.0	0.0	0.0	0.0	0.0	0.0	0.0	0.0	0.0	0.0	0.0	0.0	0.0	0.0	0.0	0.0	0.0	0.0	0.0	0.0	0.0	0.0	0.0	0.0	0.0	0.0	0.0	0.0	0.0	0.0	0.0	0.0	0.0	0.0	0.0	0.0	0.0	0.0	0.0	0.0	0.0	0.0	0.0	0.0
k__Bacteria;p__OP8	0.0	0.0	0.0	0.0	0.0	0.0	0.0	0.0	0.0	0.0	0.0	0.0	0.0	0.0	0.0	0.0	0.0	0.0	0.0	0.0	0.0	0.0	0.0	0.0	0.0	0.0	0.0	0.0	0.0	0.0	0.0	0.0	0.0	0.0	0.0	0.0	0.0	0.0	0.0	0.0	0.0	0.0	0.0	0.0	0.0	0.0	0.0	0.0	0.0	0.0	0.0	0.0	0.0	0.0	0.0	0.0	0.0	0.0	0.0	0.0	0.0	0.0	0.0	0.0	0.0	0.0	0.0	0.0	0.0	0.0	0.0	0.0	0.0	0.0	0.0	0.0	0.0	0.0	0.0	0.0	0.0	0.0	0.0	0.0	0.0	0.0	0.0	0.0	0.0	0.0	0.0	0.0	0.0	0.0	0.0	0.0	0.0	0.0	0.0	0.0	0.0	0.0	0.0	0.0	0.0	0.0	0.0	0.0	0.0	0.0	0.0	0.0	0.0	0.0	0.0	0.0	0.0	0.0	0.0	0.0	0.0	0.0	0.0	0.0	0.0	0.0	0.0	0.0	0.0	0.0	0.0	0.0	0.0
k__Bacteria;p__Planctomycetes	28.0	40.0	21.0	12.0	57.0	36.0	19.0	9.0	4.0	35.0	27.0	6.0	9.0	20.0	5.0	13.0	4.0	36.0	10.0	24.0	0.0	3.0	2.0	6.0	11.0	22.0	13.0	20.0	0.0	17.0	5.0	18.0	10.0	14.0	6.0	2.0	16.0	13.0	19.0	23.0	11.0	30.0	27.0	7.0	7.0	43.0	13.0	8.0	10.0	18.0	8.0	6.0	46.0	22.0	14.0	48.0	5.0	10.0	33.0	19.0	57.0	20.0	2.0	19.0	4.0	26.0	17.0	153.0	44.0	16.0	27.0	7.0	56.0	41.0	51.0	59.0	7.0	2.0	70.0	24.0	15.0	61.0	17.0	35.0	18.0	35.0	63.0	67.0	14.0	37.0	35.0	16.0	5.0	20.0	26.0	35.0	24.0	58.0	20.0	20.0	27.0	56.0	18.0	16.0	2.0	0.0	12.0	145.0	113.0	60.0	84.0	39.0	16.0	7.0	69.0	54.0	145.0	27.0	12.0	25.0	53.0	16.0	19.0	13.0	84.0	25.0	16.0	23.0	21.0	23.0	22.0	12.0	32.0
k__Bacteria;p__Proteobacteria	7920.0	10852.0	11177.0	5021.0	13011.0	5606.0	11247.0	8498.0	7257.0	8839.0	9626.0	4344.0	7403.0	11862.0	10314.0	18719.0	11598.0	10889.0	7742.0	18351.0	7239.0	7567.0	12586.0	9397.0	17552.0	7070.0	18131.0	5882.0	5140.0	10252.0	6972.0	16124.0	13888.0	12180.0	13432.0	4330.0	11855.0	9326.0	8642.0	13111.0	10110.0	19484.0	10199.0	9530.0	7437.0	10065.0	10927.0	8652.0	9375.0	9800.0	7333.0	8884.0	9318.0	11649.0	12521.0	10849.0	9583.0	9638.0	7096.0	7303.0	6861.0	5183.0	3811.0	7501.0	5581.0	9861.0	3578.0	11010.0	13249.0	13088.0	7532.0	6424.0	11415.0	9052.0	6995.0	13034.0	2712.0	4667.0	7525.0	7931.0	4627.0	8930.0	4311.0	8764.0	5968.0	9675.0	14303.0	7269.0	10154.0	10420.0	8486.0	5402.0	5347.0	7092.0	8189.0	9549.0	6619.0	8226.0	8754.0	8194.0	13895.0	8742.0	5623.0	11522.0	13856.0	8716.0	9402.0	9371.0	15360.0	9557.0	10059.0	6149.0	8595.0	14218.0	9424.0	13098.0	24758.0	7730.0	7482.0	13839.0	9698.0	9829.0	12042.0	14279.0	20346.0	7975.0	8374.0	8630.0	11868.0	11296.0	8940.0	7853.0	9603.0
k__Bacteria;p__SC3	0.0	0.0	0.0	0.0	0.0	0.0	0.0	0.0	0.0	0.0	1.0	0.0	0.0	0.0	0.0	0.0	0.0	0.0	0.0	0.0	0.0	0.0	0.0	0.0	0.0	0.0	0.0	0.0	0.0	0.0	0.0	0.0	0.0	0.0	0.0	0.0	0.0	0.0	0.0	0.0	0.0	0.0	0.0	0.0	0.0	0.0	0.0	0.0	0.0	0.0	0.0	0.0	0.0	0.0	0.0	0.0	0.0	0.0	0.0	0.0	0.0	0.0	0.0	0.0	0.0	0.0	0.0	0.0	0.0	0.0	0.0	0.0	0.0	0.0	0.0	0.0	0.0	0.0	0.0	0.0	0.0	0.0	0.0	0.0	0.0	1.0	0.0	0.0	0.0	0.0	0.0	0.0	0.0	0.0	0.0	0.0	0.0	0.0	0.0	0.0	0.0	0.0	0.0	0.0	0.0	0.0	0.0	0.0	0.0	0.0	0.0	2.0	0.0	0.0	0.0	0.0	0.0	0.0	0.0	1.0	0.0	0.0	0.0	0.0	0.0	0.0	0.0	0.0	0.0	0.0	0.0	0.0	0.0
k__Bacteria;p__SC4	6.0	21.0	10.0	2.0	0.0	11.0	20.0	8.0	4.0	11.0	6.0	1.0	5.0	3.0	0.0	3.0	0.0	4.0	3.0	8.0	1.0	1.0	8.0	2.0	2.0	11.0	10.0	1.0	3.0	3.0	2.0	2.0	0.0	0.0	0.0	0.0	7.0	3.0	1.0	4.0	0.0	1.0	2.0	1.0	2.0	5.0	1.0	2.0	0.0	1.0	1.0	15.0	8.0	4.0	10.0	4.0	4.0	3.0	13.0	2.0	8.0	1.0	0.0	4.0	2.0	3.0	2.0	9.0	4.0	9.0	18.0	0.0	3.0	7.0	1.0	2.0	2.0	5.0	12.0	7.0	5.0	8.0	0.0	6.0	1.0	5.0	5.0	5.0	2.0	7.0	17.0	9.0	0.0	7.0	5.0	11.0	0.0	6.0	4.0	7.0	4.0	8.0	4.0	4.0	2.0	2.0	6.0	12.0	12.0	2.0	6.0	7.0	4.0	2.0	5.0	9.0	9.0	4.0	0.0	0.0	8.0	1.0	2.0	1.0	2.0	1.0	4.0	3.0	2.0	10.0	6.0	4.0	3.0
k__Bacteria;p__SPAM	1.0	3.0	0.0	0.0	0.0	0.0	0.0	0.0	0.0	4.0	0.0	0.0	0.0	1.0	0.0	0.0	0.0	0.0	1.0	0.0	0.0	0.0	0.0	4.0	0.0	0.0	0.0	0.0	0.0	0.0	0.0	2.0	0.0	0.0	3.0	0.0	0.0	1.0	1.0	0.0	0.0	3.0	2.0	3.0	1.0	2.0	0.0	0.0	0.0	0.0	0.0	0.0	3.0	2.0	0.0	1.0	0.0	0.0	1.0	1.0	0.0	2.0	0.0	0.0	0.0	3.0	2.0	4.0	4.0	0.0	0.0	0.0	5.0	2.0	4.0	1.0	1.0	1.0	2.0	0.0	2.0	0.0	0.0	12.0	1.0	2.0	2.0	5.0	1.0	0.0	1.0	0.0	0.0	0.0	1.0	1.0	0.0	3.0	1.0	0.0	2.0	1.0	0.0	0.0	0.0	0.0	1.0	6.0	1.0	0.0	3.0	3.0	1.0	1.0	0.0	0.0	0.0	0.0	0.0	0.0	4.0	0.0	0.0	0.0	5.0	0.0	1.0	1.0	1.0	2.0	0.0	3.0	0.0
k__Bacteria;p__SR1	3.0	17.0	0.0	1.0	0.0	4.0	2.0	0.0	3.0	8.0	13.0	3.0	0.0	4.0	0.0	1.0	1.0	1.0	1.0	0.0	2.0	3.0	0.0	1.0	10.0	1.0	6.0	1.0	0.0	10.0	1.0	5.0	5.0	0.0	3.0	5.0	1.0	0.0	7.0	1.0	0.0	3.0	14.0	6.0	7.0	1.0	13.0	6.0	14.0	5.0	0.0	0.0	0.0	5.0	18.0	4.0	1.0	28.0	5.0	5.0	4.0	6.0	0.0	2.0	0.0	8.0	0.0	9.0	2.0	10.0	2.0	11.0	9.0	5.0	5.0	13.0	7.0	10.0	7.0	5.0	2.0	0.0	0.0	17.0	7.0	7.0	7.0	0.0	4.0	3.0	5.0	2.0	6.0	16.0	8.0	4.0	3.0	8.0	4.0	3.0	2.0	6.0	2.0	5.0	0.0	6.0	0.0	0.0	0.0	1.0	7.0	6.0	0.0	0.0	0.0	4.0	9.0	3.0	5.0	3.0	1.0	4.0	6.0	11.0	5.0	1.0	2.0	4.0	5.0	0.0	0.0	1.0	7.0
k__Bacteria;p__Spirochaetes	43.0	42.0	7.0	13.0	0.0	15.0	2.0	14.0	14.0	35.0	170.0	21.0	17.0	20.0	22.0	14.0	4.0	38.0	20.0	3.0	17.0	38.0	11.0	6.0	80.0	6.0	17.0	24.0	26.0	18.0	17.0	50.0	30.0	29.0	9.0	17.0	14.0	7.0	19.0	70.0	4.0	2.0	30.0	52.0	32.0	6.0	31.0	42.0	59.0	51.0	0.0	0.0	20.0	6.0	5.0	31.0	3.0	5.0	7.0	10.0	14.0	24.0	66.0	46.0	8.0	35.0	6.0	8.0	18.0	1.0	18.0	21.0	116.0	14.0	104.0	59.0	15.0	10.0	9.0	12.0	18.0	46.0	2.0	110.0	14.0	93.0	45.0	40.0	18.0	22.0	16.0	14.0	5.0	83.0	131.0	26.0	40.0	70.0	67.0	36.0	30.0	25.0	4.0	15.0	24.0	1.0	18.0	7.0	3.0	15.0	8.0	17.0	10.0	6.0	66.0	12.0	19.0	14.0	16.0	5.0	1.0	5.0	15.0	78.0	22.0	20.0	16.0	10.0	2.0	20.0	8.0	8.0	10.0
k__Bacteria;p__Synergistetes	7.0	2.0	0.0	1.0	0.0	1.0	0.0	3.0	4.0	24.0	5.0	1.0	1.0	2.0	1.0	3.0	1.0	4.0	1.0	0.0	1.0	3.0	4.0	6.0	2.0	0.0	0.0	3.0	18.0	4.0	17.0	0.0	3.0	0.0	0.0	4.0	2.0	4.0	7.0	4.0	1.0	0.0	8.0	3.0	9.0	0.0	0.0	3.0	2.0	7.0	0.0	0.0	3.0	0.0	0.0	4.0	0.0	0.0	1.0	0.0	0.0	0.0	0.0	0.0	1.0	5.0	4.0	0.0	4.0	7.0	0.0	1.0	4.0	0.0	8.0	0.0	0.0	0.0	1.0	1.0	0.0	1.0	0.0	6.0	3.0	16.0	0.0	0.0	2.0	2.0	0.0	0.0	1.0	9.0	24.0	0.0	8.0	7.0	1.0	6.0	4.0	2.0	4.0	1.0	0.0	0.0	3.0	1.0	0.0	0.0	0.0	2.0	1.0	0.0	0.0	0.0	0.0	2.0	5.0	0.0	3.0	0.0	4.0	20.0	10.0	2.0	4.0	1.0	0.0	8.0	0.0	2.0	0.0
k__Bacteria;p__TM6	0.0	0.0	0.0	0.0	0.0	0.0	0.0	0.0	0.0	0.0	0.0	0.0	0.0	2.0	0.0	0.0	0.0	0.0	0.0	0.0	0.0	0.0	0.0	0.0	0.0	0.0	0.0	0.0	0.0	0.0	0.0	0.0	1.0	0.0	0.0	0.0	0.0	0.0	0.0	0.0	0.0	0.0	0.0	0.0	0.0	0.0	0.0	0.0	0.0	0.0	0.0	0.0	0.0	0.0	0.0	0.0	0.0	0.0	0.0	0.0	0.0	0.0	0.0	0.0	0.0	0.0	0.0	0.0	0.0	0.0	0.0	0.0	0.0	0.0	0.0	1.0	0.0	0.0	0.0	0.0	0.0	0.0	0.0	0.0	0.0	0.0	0.0	0.0	0.0	0.0	0.0	0.0	0.0	0.0	0.0	0.0	0.0	0.0	0.0	0.0	0.0	0.0	0.0	0.0	0.0	0.0	0.0	0.0	0.0	0.0	0.0	0.0	0.0	0.0	0.0	0.0	0.0	0.0	0.0	1.0	0.0	0.0	0.0	0.0	0.0	0.0	0.0	0.0	0.0	0.0	0.0	0.0	0.0
k__Bacteria;p__TM7	0.0	3.0	0.0	1.0	0.0	0.0	0.0	0.0	1.0	4.0	2.0	0.0	0.0	6.0	1.0	0.0	0.0	0.0	0.0	0.0	0.0	0.0	0.0	0.0	0.0	0.0	3.0	1.0	0.0	1.0	0.0	0.0	0.0	0.0	0.0	1.0	2.0	0.0	3.0	0.0	0.0	0.0	4.0	0.0	1.0	0.0	2.0	3.0	1.0	2.0	1.0	1.0	0.0	2.0	1.0	0.0	0.0	0.0	0.0	1.0	0.0	2.0	0.0	0.0	2.0	0.0	0.0	2.0	1.0	0.0	5.0	0.0	1.0	0.0	1.0	1.0	2.0	0.0	1.0	0.0	1.0	2.0	2.0	3.0	3.0	2.0	0.0	0.0	0.0	0.0	1.0	2.0	8.0	1.0	1.0	0.0	1.0	0.0	6.0	0.0	1.0	2.0	0.0	0.0	0.0	1.0	0.0	0.0	2.0	0.0	0.0	1.0	1.0	1.0	0.0	0.0	1.0	0.0	1.0	0.0	2.0	2.0	0.0	0.0	1.0	1.0	1.0	0.0	0.0	5.0	4.0	1.0	1.0
k__Bacteria;p__Tenericutes	279.0	331.0	107.0	120.0	134.0	86.0	136.0	147.0	45.0	153.0	273.0	223.0	127.0	120.0	241.0	178.0	36.0	382.0	196.0	101.0	161.0	589.0	87.0	131.0	208.0	46.0	144.0	528.0	160.0	69.0	99.0	216.0	146.0	148.0	54.0	143.0	683.0	709.0	1104.0	692.0	74.0	127.0	340.0	448.0	308.0	331.0	405.0	416.0	775.0	317.0	637.0	7.0	338.0	187.0	186.0	583.0	159.0	125.0	303.0	247.0	260.0	457.0	89.0	246.0	275.0	573.0	142.0	256.0	237.0	186.0	224.0	51.0	250.0	376.0	360.0	202.0	58.0	58.0	226.0	713.0	602.0	374.0	74.0	321.0	126.0	253.0	473.0	327.0	376.0	107.0	223.0	960.0	42.0	1495.0	148.0	216.0	598.0	481.0	218.0	1006.0	182.0	310.0	65.0	94.0	174.0	81.0	125.0	86.0	64.0	295.0	348.0	275.0	139.0	44.0	180.0	101.0	378.0	140.0	129.0	125.0	345.0	177.0	152.0	234.0	205.0	165.0	193.0	385.0	190.0	138.0	219.0	74.0	220.0
k__Bacteria;p__Thermi	86.0	53.0	178.0	27.0	52.0	27.0	95.0	43.0	10.0	123.0	66.0	5.0	80.0	120.0	54.0	60.0	61.0	38.0	46.0	23.0	39.0	12.0	52.0	49.0	20.0	18.0	81.0	23.0	69.0	45.0	46.0	39.0	34.0	170.0	72.0	23.0	46.0	25.0	20.0	72.0	114.0	25.0	39.0	32.0	28.0	87.0	19.0	14.0	46.0	105.0	65.0	18.0	57.0	43.0	56.0	13.0	54.0	130.0	36.0	129.0	49.0	43.0	104.0	96.0	96.0	30.0	34.0	17.0	62.0	104.0	133.0	69.0	48.0	68.0	24.0	41.0	167.0	358.0	36.0	22.0	38.0	75.0	199.0	123.0	43.0	37.0	44.0	67.0	55.0	68.0	65.0	54.0	53.0	11.0	35.0	49.0	33.0	33.0	18.0	30.0	55.0	36.0	103.0	48.0	33.0	86.0	42.0	63.0	103.0	79.0	44.0	48.0	41.0	21.0	19.0	100.0	146.0	46.0	31.0	52.0	66.0	54.0	46.0	20.0	39.0	22.0	68.0	36.0	35.0	49.0	33.0	19.0	38.0
k__Bacteria;p__Thermotogae	0.0	0.0	2.0	0.0	0.0	2.0	1.0	3.0	0.0	0.0	0.0	1.0	4.0	0.0	0.0	0.0	0.0	0.0	0.0	0.0	0.0	0.0	0.0	0.0	0.0	0.0	0.0	0.0	0.0	0.0	0.0	0.0	0.0	0.0	0.0	0.0	0.0	0.0	0.0	0.0	0.0	0.0	0.0	0.0	0.0	0.0	0.0	0.0	0.0	0.0	0.0	0.0	0.0	0.0	0.0	0.0	0.0	0.0	0.0	0.0	0.0	0.0	0.0	0.0	0.0	0.0	0.0	0.0	0.0	0.0	0.0	0.0	0.0	0.0	0.0	0.0	0.0	0.0	0.0	0.0	0.0	0.0	0.0	0.0	0.0	0.0	0.0	0.0	0.0	0.0	0.0	0.0	0.0	0.0	0.0	0.0	0.0	0.0	0.0	0.0	0.0	0.0	0.0	0.0	0.0	0.0	0.0	0.0	0.0	0.0	0.0	0.0	0.0	0.0	0.0	0.0	0.0	0.0	0.0	0.0	0.0	0.0	0.0	0.0	0.0	0.0	0.0	0.0	0.0	0.0	0.0	0.0	0.0
k__Bacteria;p__Verrucomicrobia	42.0	88.0	38.0	17.0	85.0	51.0	73.0	36.0	7.0	51.0	46.0	4.0	31.0	42.0	20.0	47.0	11.0	53.0	17.0	19.0	9.0	10.0	2.0	25.0	26.0	77.0	48.0	35.0	14.0	6.0	23.0	30.0	13.0	8.0	9.0	12.0	27.0	8.0	23.0	23.0	13.0	29.0	21.0	14.0	5.0	40.0	7.0	12.0	26.0	2.0	4.0	16.0	35.0	23.0	34.0	38.0	17.0	20.0	61.0	24.0	68.0	13.0	51.0	15.0	21.0	46.0	24.0	141.0	39.0	23.0	51.0	15.0	66.0	44.0	22.0	49.0	4.0	17.0	102.0	44.0	27.0	158.0	16.0	40.0	23.0	23.0	73.0	59.0	34.0	67.0	73.0	24.0	3.0	28.0	21.0	74.0	20.0	38.0	27.0	23.0	33.0	34.0	34.0	16.0	22.0	26.0	20.0	245.0	374.0	89.0	103.0	26.0	36.0	11.0	28.0	43.0	114.0	25.0	19.0	31.0	39.0	19.0	27.0	83.0	93.0	25.0	37.0	25.0	52.0	59.0	45.0	34.0	82.0
k__Bacteria;p__WPS-2	0.0	0.0	0.0	0.0	0.0	0.0	0.0	0.0	0.0	0.0	1.0	0.0	0.0	0.0	1.0	0.0	0.0	1.0	0.0	0.0	0.0	0.0	0.0	0.0	5.0	1.0	0.0	0.0	1.0	2.0	0.0	0.0	0.0	0.0	3.0	0.0	0.0	0.0	1.0	1.0	0.0	0.0	1.0	0.0	0.0	0.0	0.0	0.0	0.0	0.0	0.0	0.0	0.0	0.0	0.0	0.0	0.0	0.0	0.0	0.0	0.0	0.0	0.0	0.0	0.0	0.0	0.0	0.0	3.0	0.0	7.0	0.0	0.0	0.0	0.0	1.0	0.0	0.0	1.0	0.0	0.0	0.0	0.0	1.0	0.0	0.0	0.0	0.0	0.0	3.0	0.0	2.0	0.0	0.0	0.0	0.0	0.0	3.0	0.0	0.0	0.0	0.0	0.0	0.0	0.0	0.0	0.0	1.0	1.0	0.0	0.0	0.0	0.0	0.0	0.0	0.0	0.0	0.0	0.0	0.0	3.0	0.0	0.0	0.0	0.0	0.0	0.0	0.0	0.0	0.0	0.0	0.0	0.0
k__Bacteria;p__WS3	0.0	0.0	0.0	0.0	0.0	0.0	0.0	0.0	0.0	0.0	0.0	0.0	1.0	0.0	0.0	0.0	0.0	0.0	0.0	0.0	0.0	0.0	1.0	0.0	0.0	0.0	2.0	0.0	0.0	0.0	11.0	0.0	0.0	0.0	0.0	0.0	0.0	0.0	1.0	0.0	0.0	0.0	0.0	0.0	0.0	0.0	0.0	0.0	0.0	0.0	0.0	0.0	0.0	0.0	0.0	0.0	1.0	0.0	2.0	0.0	0.0	0.0	0.0	0.0	0.0	0.0	0.0	3.0	0.0	0.0	5.0	0.0	0.0	0.0	0.0	1.0	0.0	0.0	0.0	0.0	0.0	0.0	0.0	0.0	0.0	0.0	0.0	0.0	0.0	0.0	0.0	0.0	0.0	0.0	0.0	0.0	0.0	0.0	2.0	0.0	0.0	0.0	0.0	0.0	0.0	0.0	0.0	1.0	0.0	0.0	0.0	0.0	0.0	0.0	0.0	0.0	0.0	0.0	0.0	0.0	0.0	0.0	0.0	0.0	0.0	0.0	0.0	0.0	0.0	0.0	0.0	0.0	0.0
k__Bacteria;p__ZB2	0.0	0.0	0.0	0.0	0.0	0.0	0.0	0.0	0.0	0.0	0.0	0.0	1.0	0.0	0.0	0.0	0.0	0.0	0.0	0.0	0.0	0.0	0.0	0.0	0.0	0.0	0.0	0.0	0.0	0.0	0.0	0.0	0.0	0.0	0.0	0.0	0.0	0.0	0.0	0.0	0.0	0.0	0.0	0.0	0.0	0.0	0.0	0.0	0.0	0.0	0.0	0.0	0.0	0.0	0.0	0.0	0.0	0.0	0.0	0.0	0.0	0.0	0.0	0.0	0.0	0.0	0.0	0.0	0.0	0.0	0.0	0.0	0.0	0.0	0.0	0.0	0.0	0.0	0.0	0.0	0.0	0.0	0.0	0.0	0.0	0.0	0.0	0.0	0.0	0.0	0.0	0.0	0.0	0.0	0.0	0.0	0.0	0.0	0.0	0.0	0.0	0.0	0.0	0.0	0.0	0.0	0.0	0.0	0.0	0.0	0.0	0.0	0.0	0.0	0.0	0.0	0.0	0.0	0.0	0.0	0.0	0.0	0.0	0.0	0.0	0.0	0.0	0.0	0.0	0.0	0.0	0.0	0.0