# QIIME v1.2.1 OTU table
#OTU ID	0	1	2	3	4	5	6	8	9	10	11	12	13	14	15	16	17	18	19	20	21	22	23	24	25	26	27	28	29	30	31	42	43	44	45	46	47	48	49	50	51	53	54	55	56	57	58	59	60	61	62	71	72	81	82	83	84	91	92	93	95	96	97	98	99	100	101	102	103	104	112	113	114	115	116	117	118	119	120	122	123	124	125	126	127	128	129	130	131	132	133	134	135	136	137	138	139	140	141	142	143	144	145	146	147	148	149	151	152	153	155	157	158	159	160	161	166	170	171	172	173	174	175	176	177	178	179	180	181	182	183	184	185
k__Archaea;p__Crenarchaeota;c__Sd-NA	0.0	0.0	0.0	0.0	0.0	0.0	0.0	0.0	0.0	0.0	0.0	0.0	0.0	0.0	0.0	0.0	0.0	0.0	0.0	0.0	0.0	0.0	0.0	0.0	0.0	0.0	0.0	0.0	0.0	0.0	0.0	0.0	0.0	0.0	0.0	0.0	0.0	0.0	0.0	0.0	0.0	0.0	0.0	0.0	0.0	0.0	0.0	0.0	0.0	0.0	0.0	0.0	0.0	0.0	0.0	0.0	0.0	0.0	0.0	0.0	0.0	0.0	0.0	0.0	0.0	0.0	0.0	0.0	0.0	0.0	0.0	0.0	0.0	0.0	0.0	0.0	0.0	0.0	0.0	0.0	0.0	0.0	0.0	0.0	0.0	0.0	0.0	0.0	0.0	0.0	0.0	0.0	0.0	0.0	0.0	0.0	0.0	0.0	0.0	0.0	0.0	0.0	0.0	0.0	0.0	0.0	0.0	0.0	0.0	0.0	0.0	0.0	0.0	0.0	0.0	0.0	0.0	0.0	0.0	0.0	0.0	0.0	0.0	0.0	0.0	0.0	0.0	0.0	0.0	0.0	0.0	0.0	0.0
k__Archaea;p__Crenarchaeota;c__Thaumarchaeota	10.0	35.0	17.0	6.0	38.0	14.0	24.0	9.0	4.0	16.0	12.0	6.0	6.0	7.0	10.0	26.0	8.0	18.0	6.0	7.0	3.0	3.0	8.0	3.0	13.0	20.0	9.0	5.0	0.0	4.0	0.0	17.0	12.0	0.0	4.0	6.0	11.0	18.0	17.0	12.0	4.0	10.0	4.0	5.0	11.0	13.0	7.0	2.0	4.0	4.0	11.0	7.0	35.0	10.0	25.0	27.0	9.0	10.0	28.0	16.0	25.0	16.0	3.0	27.0	7.0	22.0	11.0	140.0	47.0	21.0	40.0	7.0	50.0	25.0	37.0	66.0	10.0	7.0	74.0	18.0	15.0	78.0	6.0	32.0	15.0	23.0	28.0	29.0	46.0	29.0	22.0	20.0	5.0	25.0	24.0	22.0	34.0	52.0	12.0	18.0	36.0	41.0	21.0	18.0	18.0	15.0	12.0	92.0	24.0	79.0	52.0	21.0	35.0	8.0	33.0	21.0	216.0	40.0	26.0	21.0	40.0	16.0	24.0	16.0	135.0	12.0	14.0	23.0	20.0	34.0	29.0	19.0	28.0
k__Archaea;p__Euryarchaeota;c__Halobacteria	1.0	0.0	0.0	0.0	0.0	0.0	0.0	0.0	0.0	0.0	0.0	0.0	0.0	0.0	0.0	0.0	0.0	0.0	0.0	0.0	0.0	0.0	0.0	0.0	0.0	0.0	0.0	1.0	0.0	0.0	0.0	0.0	0.0	0.0	0.0	0.0	0.0	0.0	0.0	0.0	0.0	0.0	0.0	0.0	0.0	3.0	0.0	0.0	0.0	0.0	0.0	0.0	0.0	0.0	0.0	0.0	0.0	0.0	0.0	0.0	0.0	0.0	0.0	0.0	0.0	0.0	0.0	0.0	0.0	0.0	0.0	0.0	0.0	0.0	0.0	0.0	0.0	0.0	0.0	0.0	0.0	0.0	0.0	0.0	0.0	0.0	0.0	0.0	0.0	0.0	0.0	0.0	0.0	0.0	0.0	0.0	0.0	0.0	0.0	0.0	0.0	0.0	0.0	0.0	0.0	0.0	0.0	0.0	0.0	0.0	0.0	0.0	0.0	0.0	0.0	0.0	0.0	0.0	0.0	0.0	0.0	0.0	0.0	0.0	0.0	0.0	0.0	0.0	0.0	0.0	0.0	0.0	0.0
k__Archaea;p__Euryarchaeota;c__Methanobacteria	0.0	0.0	0.0	0.0	0.0	0.0	0.0	0.0	0.0	0.0	0.0	0.0	0.0	0.0	0.0	0.0	0.0	0.0	0.0	1.0	0.0	0.0	0.0	0.0	0.0	0.0	0.0	0.0	0.0	0.0	0.0	0.0	0.0	0.0	1.0	0.0	1.0	0.0	0.0	0.0	0.0	0.0	0.0	0.0	0.0	0.0	0.0	1.0	0.0	0.0	0.0	0.0	0.0	0.0	0.0	0.0	0.0	0.0	0.0	2.0	0.0	0.0	0.0	0.0	0.0	0.0	0.0	0.0	0.0	0.0	2.0	0.0	2.0	0.0	0.0	0.0	4.0	0.0	0.0	0.0	0.0	1.0	0.0	0.0	0.0	0.0	1.0	0.0	1.0	0.0	0.0	0.0	0.0	0.0	0.0	0.0	1.0	0.0	0.0	0.0	0.0	4.0	0.0	0.0	0.0	0.0	0.0	0.0	1.0	0.0	0.0	0.0	1.0	0.0	0.0	0.0	1.0	0.0	0.0	0.0	0.0	0.0	0.0	0.0	0.0	1.0	0.0	0.0	0.0	0.0	0.0	0.0	0.0
k__Archaea;p__Euryarchaeota;c__Methanomicrobia	0.0	0.0	0.0	0.0	0.0	0.0	0.0	0.0	0.0	0.0	0.0	0.0	0.0	0.0	0.0	0.0	0.0	0.0	0.0	0.0	0.0	0.0	0.0	0.0	0.0	0.0	0.0	0.0	0.0	0.0	0.0	0.0	0.0	0.0	0.0	0.0	0.0	0.0	0.0	0.0	0.0	0.0	0.0	0.0	0.0	0.0	0.0	0.0	0.0	0.0	0.0	0.0	0.0	0.0	0.0	0.0	0.0	0.0	0.0	0.0	0.0	0.0	0.0	0.0	0.0	0.0	0.0	0.0	0.0	0.0	0.0	0.0	0.0	0.0	0.0	0.0	0.0	0.0	0.0	0.0	0.0	0.0	0.0	0.0	0.0	0.0	0.0	0.0	0.0	0.0	0.0	0.0	0.0	0.0	0.0	0.0	0.0	0.0	0.0	0.0	0.0	0.0	0.0	0.0	0.0	0.0	0.0	2.0	0.0	0.0	1.0	0.0	0.0	0.0	0.0	0.0	2.0	0.0	0.0	0.0	0.0	0.0	0.0	0.0	0.0	1.0	0.0	0.0	0.0	0.0	0.0	0.0	0.0
k__Archaea;p__Euryarchaeota;c__Thermoplasmata	0.0	0.0	0.0	0.0	0.0	0.0	0.0	0.0	0.0	0.0	0.0	0.0	0.0	0.0	0.0	2.0	0.0	0.0	0.0	0.0	0.0	0.0	0.0	0.0	0.0	0.0	0.0	0.0	0.0	0.0	0.0	0.0	0.0	0.0	0.0	0.0	0.0	0.0	0.0	0.0	0.0	0.0	0.0	0.0	0.0	0.0	0.0	0.0	0.0	0.0	0.0	0.0	0.0	0.0	0.0	0.0	0.0	0.0	0.0	0.0	0.0	0.0	0.0	0.0	0.0	0.0	0.0	0.0	0.0	0.0	0.0	1.0	0.0	0.0	0.0	0.0	0.0	0.0	0.0	0.0	0.0	0.0	0.0	0.0	0.0	0.0	0.0	0.0	0.0	0.0	0.0	0.0	0.0	0.0	0.0	0.0	0.0	0.0	0.0	0.0	0.0	0.0	0.0	0.0	0.0	0.0	0.0	0.0	0.0	0.0	0.0	0.0	0.0	0.0	0.0	0.0	0.0	0.0	0.0	0.0	0.0	0.0	0.0	0.0	0.0	0.0	0.0	0.0	0.0	0.0	0.0	0.0	0.0
k__Bacteria;p__;c__	0.0	0.0	0.0	0.0	0.0	0.0	0.0	0.0	0.0	0.0	0.0	0.0	0.0	0.0	0.0	0.0	0.0	0.0	0.0	0.0	0.0	0.0	0.0	0.0	0.0	0.0	0.0	0.0	0.0	0.0	0.0	0.0	0.0	0.0	0.0	0.0	0.0	0.0	0.0	0.0	0.0	0.0	0.0	0.0	0.0	0.0	0.0	0.0	0.0	0.0	0.0	0.0	0.0	0.0	0.0	0.0	0.0	0.0	0.0	0.0	0.0	0.0	0.0	0.0	0.0	0.0	2.0	0.0	0.0	0.0	0.0	0.0	0.0	0.0	0.0	0.0	0.0	0.0	0.0	0.0	0.0	0.0	0.0	0.0	0.0	0.0	0.0	0.0	0.0	0.0	0.0	0.0	0.0	1.0	0.0	0.0	0.0	0.0	0.0	0.0	0.0	0.0	0.0	0.0	0.0	0.0	0.0	0.0	0.0	0.0	0.0	0.0	0.0	0.0	0.0	0.0	0.0	0.0	0.0	0.0	0.0	0.0	0.0	0.0	0.0	0.0	0.0	0.0	0.0	0.0	0.0	0.0	0.0
k__Bacteria;p__ABY1_OD1;c__	0.0	0.0	0.0	0.0	0.0	0.0	0.0	0.0	0.0	0.0	0.0	0.0	0.0	0.0	0.0	0.0	0.0	0.0	0.0	0.0	0.0	0.0	0.0	0.0	0.0	0.0	0.0	0.0	0.0	0.0	0.0	0.0	0.0	0.0	0.0	0.0	0.0	0.0	0.0	0.0	0.0	0.0	0.0	0.0	0.0	0.0	0.0	0.0	0.0	0.0	0.0	0.0	0.0	0.0	0.0	0.0	0.0	0.0	0.0	0.0	0.0	0.0	0.0	0.0	0.0	0.0	0.0	0.0	0.0	0.0	0.0	0.0	0.0	0.0	0.0	0.0	0.0	0.0	0.0	0.0	0.0	0.0	0.0	0.0	0.0	0.0	0.0	0.0	0.0	0.0	0.0	0.0	0.0	0.0	0.0	0.0	0.0	0.0	0.0	0.0	0.0	0.0	0.0	0.0	0.0	0.0	0.0	0.0	0.0	1.0	0.0	0.0	0.0	0.0	0.0	0.0	0.0	0.0	0.0	0.0	0.0	0.0	0.0	0.0	0.0	0.0	0.0	0.0	0.0	0.0	0.0	0.0	0.0
k__Bacteria;p__AD3;c__ABS-6	0.0	0.0	0.0	0.0	0.0	0.0	0.0	0.0	0.0	0.0	0.0	0.0	0.0	0.0	0.0	0.0	0.0	0.0	0.0	0.0	0.0	0.0	0.0	0.0	0.0	0.0	0.0	0.0	0.0	0.0	0.0	0.0	0.0	0.0	0.0	0.0	0.0	0.0	0.0	0.0	0.0	0.0	0.0	0.0	0.0	0.0	0.0	0.0	0.0	0.0	0.0	0.0	0.0	0.0	0.0	0.0	0.0	0.0	0.0	0.0	0.0	0.0	0.0	0.0	0.0	0.0	0.0	0.0	0.0	0.0	0.0	0.0	0.0	0.0	0.0	0.0	0.0	0.0	0.0	0.0	0.0	0.0	0.0	0.0	0.0	0.0	0.0	0.0	0.0	0.0	0.0	0.0	0.0	0.0	0.0	0.0	0.0	0.0	0.0	0.0	0.0	0.0	0.0	0.0	0.0	0.0	0.0	0.0	0.0	0.0	0.0	0.0	0.0	0.0	0.0	0.0	0.0	0.0	0.0	0.0	0.0	0.0	0.0	0.0	0.0	0.0	0.0	0.0	0.0	0.0	0.0	0.0	0.0
k__Bacteria;p__AD3;c__JG37-AG-4	0.0	0.0	0.0	0.0	0.0	0.0	0.0	0.0	0.0	0.0	0.0	0.0	0.0	0.0	0.0	0.0	0.0	0.0	0.0	0.0	0.0	0.0	0.0	0.0	0.0	0.0	0.0	0.0	0.0	0.0	0.0	0.0	0.0	0.0	0.0	0.0	0.0	0.0	0.0	0.0	0.0	0.0	0.0	0.0	0.0	0.0	0.0	0.0	0.0	0.0	0.0	0.0	0.0	0.0	0.0	0.0	0.0	0.0	0.0	0.0	0.0	0.0	0.0	0.0	0.0	0.0	0.0	0.0	0.0	0.0	0.0	0.0	0.0	0.0	0.0	0.0	0.0	0.0	0.0	0.0	0.0	0.0	0.0	0.0	0.0	0.0	0.0	0.0	0.0	0.0	0.0	0.0	0.0	0.0	0.0	0.0	0.0	0.0	0.0	0.0	0.0	0.0	0.0	0.0	0.0	0.0	0.0	0.0	0.0	0.0	0.0	0.0	0.0	0.0	0.0	0.0	0.0	0.0	0.0	0.0	0.0	0.0	0.0	0.0	0.0	0.0	0.0	0.0	0.0	0.0	0.0	0.0	0.0
k__Bacteria;p__Acidobacteria;c__	0.0	4.0	0.0	0.0	0.0	1.0	0.0	3.0	0.0	0.0	0.0	3.0	8.0	0.0	0.0	3.0	0.0	0.0	0.0	0.0	8.0	1.0	1.0	0.0	0.0	1.0	1.0	0.0	1.0	0.0	0.0	0.0	0.0	0.0	1.0	0.0	0.0	0.0	0.0	0.0	0.0	2.0	1.0	1.0	2.0	0.0	0.0	0.0	0.0	8.0	0.0	0.0	2.0	1.0	0.0	0.0	0.0	0.0	2.0	2.0	0.0	0.0	0.0	0.0	7.0	0.0	3.0	5.0	0.0	0.0	4.0	0.0	4.0	2.0	3.0	1.0	0.0	2.0	4.0	2.0	3.0	10.0	0.0	0.0	2.0	4.0	1.0	0.0	0.0	0.0	0.0	0.0	0.0	0.0	0.0	2.0	0.0	4.0	0.0	2.0	1.0	5.0	0.0	0.0	1.0	0.0	1.0	6.0	6.0	5.0	9.0	3.0	2.0	0.0	0.0	2.0	0.0	2.0	0.0	0.0	5.0	0.0	0.0	0.0	5.0	4.0	3.0	4.0	1.0	2.0	1.0	0.0	0.0
k__Bacteria;p__Acidobacteria;c__Acidobacteria (class)	70.0	125.0	79.0	24.0	206.0	105.0	131.0	34.0	25.0	97.0	81.0	13.0	43.0	27.0	18.0	82.0	5.0	72.0	33.0	64.0	24.0	15.0	20.0	31.0	45.0	73.0	48.0	46.0	32.0	3.0	27.0	47.0	49.0	45.0	20.0	11.0	61.0	60.0	69.0	46.0	11.0	125.0	53.0	27.0	33.0	110.0	32.0	21.0	28.0	21.0	14.0	21.0	117.0	48.0	114.0	143.0	38.0	36.0	122.0	123.0	185.0	60.0	27.0	45.0	28.0	102.0	62.0	576.0	112.0	71.0	124.0	22.0	177.0	137.0	113.0	184.0	20.0	15.0	288.0	92.0	41.0	265.0	32.0	70.0	44.0	73.0	188.0	93.0	70.0	88.0	95.0	86.0	9.0	89.0	81.0	74.0	55.0	183.0	70.0	80.0	94.0	126.0	77.0	49.0	27.0	10.0	57.0	332.0	96.0	222.0	230.0	113.0	62.0	23.0	90.0	73.0	587.0	101.0	55.0	63.0	171.0	29.0	56.0	40.0	376.0	76.0	97.0	76.0	76.0	116.0	64.0	19.0	62.0
k__Bacteria;p__Acidobacteria;c__Acidobacteria-5	0.0	3.0	0.0	0.0	0.0	3.0	0.0	0.0	0.0	0.0	4.0	0.0	1.0	0.0	0.0	0.0	0.0	0.0	0.0	1.0	0.0	0.0	0.0	0.0	3.0	3.0	2.0	1.0	0.0	0.0	0.0	0.0	0.0	0.0	0.0	0.0	0.0	0.0	1.0	2.0	0.0	1.0	0.0	0.0	0.0	0.0	0.0	0.0	0.0	0.0	0.0	0.0	3.0	0.0	0.0	3.0	1.0	0.0	2.0	4.0	12.0	1.0	0.0	0.0	1.0	3.0	0.0	14.0	6.0	0.0	10.0	1.0	1.0	2.0	4.0	1.0	0.0	0.0	7.0	0.0	0.0	0.0	0.0	0.0	1.0	0.0	4.0	0.0	1.0	1.0	2.0	0.0	0.0	0.0	2.0	0.0	1.0	3.0	0.0	1.0	3.0	1.0	0.0	0.0	0.0	0.0	0.0	2.0	0.0	5.0	1.0	1.0	0.0	1.0	0.0	0.0	8.0	2.0	1.0	0.0	1.0	2.0	1.0	0.0	4.0	4.0	2.0	1.0	1.0	0.0	0.0	0.0	0.0
k__Bacteria;p__Acidobacteria;c__Chloracidobacteria	14.0	33.0	6.0	7.0	58.0	31.0	78.0	30.0	3.0	39.0	33.0	2.0	11.0	11.0	16.0	49.0	9.0	35.0	14.0	11.0	8.0	6.0	11.0	19.0	41.0	26.0	20.0	30.0	17.0	12.0	0.0	21.0	6.0	2.0	3.0	7.0	17.0	9.0	15.0	23.0	11.0	11.0	78.0	11.0	11.0	27.0	16.0	15.0	13.0	0.0	8.0	11.0	28.0	27.0	22.0	64.0	6.0	15.0	32.0	37.0	39.0	14.0	9.0	16.0	11.0	34.0	24.0	116.0	30.0	19.0	47.0	9.0	39.0	15.0	34.0	33.0	3.0	13.0	58.0	23.0	10.0	23.0	12.0	51.0	19.0	32.0	63.0	22.0	40.0	47.0	26.0	36.0	0.0	14.0	32.0	48.0	13.0	52.0	29.0	27.0	19.0	49.0	23.0	21.0	10.0	1.0	12.0	85.0	141.0	51.0	49.0	33.0	18.0	7.0	11.0	23.0	112.0	41.0	13.0	22.0	49.0	10.0	16.0	13.0	61.0	11.0	26.0	21.0	26.0	45.0	24.0	11.0	21.0
k__Bacteria;p__Acidobacteria;c__Holophagae	0.0	0.0	0.0	0.0	0.0	0.0	0.0	0.0	0.0	0.0	0.0	0.0	0.0	0.0	0.0	0.0	0.0	0.0	0.0	0.0	0.0	0.0	0.0	0.0	0.0	0.0	0.0	0.0	0.0	0.0	0.0	0.0	0.0	0.0	0.0	0.0	0.0	0.0	0.0	0.0	0.0	0.0	0.0	0.0	0.0	0.0	0.0	0.0	0.0	0.0	0.0	0.0	0.0	0.0	2.0	0.0	0.0	0.0	0.0	0.0	0.0	0.0	0.0	0.0	0.0	0.0	0.0	0.0	0.0	0.0	0.0	0.0	0.0	0.0	0.0	0.0	0.0	0.0	0.0	0.0	0.0	0.0	0.0	0.0	0.0	0.0	0.0	0.0	0.0	0.0	0.0	0.0	0.0	0.0	0.0	0.0	0.0	0.0	0.0	0.0	0.0	0.0	0.0	0.0	0.0	0.0	0.0	0.0	0.0	0.0	0.0	0.0	0.0	0.0	0.0	0.0	0.0	0.0	0.0	0.0	0.0	0.0	0.0	0.0	0.0	0.0	0.0	0.0	0.0	0.0	0.0	0.0	0.0
k__Bacteria;p__Acidobacteria;c__MVS-40	0.0	2.0	0.0	0.0	0.0	0.0	0.0	0.0	0.0	3.0	0.0	0.0	0.0	0.0	0.0	1.0	0.0	0.0	0.0	0.0	0.0	0.0	0.0	0.0	0.0	0.0	0.0	0.0	0.0	0.0	0.0	0.0	0.0	0.0	1.0	0.0	0.0	0.0	0.0	0.0	0.0	0.0	0.0	0.0	0.0	0.0	0.0	0.0	0.0	0.0	0.0	0.0	0.0	0.0	0.0	0.0	0.0	0.0	0.0	0.0	0.0	0.0	0.0	0.0	0.0	0.0	1.0	0.0	0.0	0.0	0.0	0.0	0.0	0.0	0.0	1.0	0.0	0.0	0.0	0.0	0.0	0.0	0.0	0.0	0.0	0.0	0.0	1.0	0.0	0.0	1.0	0.0	0.0	0.0	0.0	0.0	0.0	0.0	0.0	1.0	0.0	0.0	0.0	0.0	0.0	0.0	0.0	0.0	0.0	1.0	4.0	0.0	0.0	0.0	0.0	0.0	0.0	0.0	0.0	0.0	0.0	0.0	0.0	0.0	1.0	0.0	0.0	0.0	0.0	0.0	0.0	0.0	0.0
k__Bacteria;p__Acidobacteria;c__OS-K	0.0	0.0	0.0	0.0	0.0	0.0	0.0	0.0	0.0	0.0	0.0	0.0	0.0	0.0	0.0	0.0	0.0	0.0	0.0	0.0	0.0	0.0	0.0	0.0	0.0	0.0	0.0	0.0	0.0	0.0	0.0	0.0	0.0	0.0	0.0	0.0	0.0	0.0	0.0	0.0	0.0	0.0	0.0	0.0	0.0	0.0	0.0	0.0	0.0	0.0	0.0	0.0	0.0	0.0	0.0	0.0	0.0	0.0	0.0	0.0	0.0	0.0	0.0	0.0	0.0	0.0	0.0	0.0	0.0	0.0	0.0	0.0	0.0	0.0	0.0	0.0	0.0	0.0	0.0	0.0	0.0	0.0	0.0	0.0	0.0	0.0	0.0	0.0	0.0	0.0	0.0	0.0	0.0	0.0	0.0	0.0	0.0	0.0	0.0	0.0	0.0	0.0	0.0	0.0	0.0	0.0	0.0	0.0	0.0	0.0	0.0	0.0	0.0	0.0	0.0	0.0	0.0	0.0	0.0	0.0	0.0	0.0	0.0	0.0	0.0	0.0	0.0	0.0	0.0	0.0	0.0	0.0	0.0
k__Bacteria;p__Acidobacteria;c__PAUC37f	0.0	0.0	0.0	0.0	0.0	0.0	0.0	0.0	0.0	0.0	0.0	0.0	0.0	0.0	0.0	0.0	0.0	0.0	0.0	0.0	0.0	0.0	0.0	0.0	0.0	0.0	0.0	0.0	0.0	0.0	0.0	0.0	0.0	0.0	0.0	0.0	0.0	0.0	0.0	0.0	0.0	0.0	0.0	0.0	0.0	0.0	0.0	0.0	0.0	0.0	0.0	0.0	0.0	0.0	0.0	0.0	0.0	0.0	2.0	0.0	0.0	3.0	0.0	0.0	0.0	0.0	0.0	7.0	3.0	0.0	0.0	0.0	1.0	0.0	2.0	1.0	0.0	0.0	0.0	1.0	0.0	0.0	0.0	0.0	0.0	0.0	0.0	0.0	2.0	0.0	0.0	0.0	0.0	0.0	1.0	0.0	0.0	0.0	0.0	0.0	1.0	0.0	0.0	1.0	0.0	0.0	0.0	1.0	0.0	0.0	0.0	0.0	0.0	0.0	0.0	0.0	0.0	0.0	0.0	0.0	0.0	3.0	0.0	0.0	0.0	0.0	0.0	0.0	0.0	0.0	1.0	0.0	0.0
k__Bacteria;p__Acidobacteria;c__RB25	0.0	0.0	0.0	0.0	0.0	0.0	0.0	0.0	0.0	0.0	0.0	0.0	0.0	0.0	0.0	0.0	0.0	1.0	0.0	0.0	0.0	0.0	0.0	0.0	0.0	0.0	0.0	0.0	0.0	0.0	0.0	0.0	0.0	0.0	0.0	0.0	1.0	0.0	0.0	0.0	0.0	0.0	0.0	0.0	0.0	0.0	0.0	0.0	0.0	0.0	0.0	0.0	0.0	0.0	0.0	0.0	0.0	0.0	0.0	0.0	3.0	0.0	0.0	0.0	0.0	0.0	0.0	0.0	0.0	0.0	0.0	0.0	0.0	0.0	0.0	0.0	0.0	0.0	1.0	0.0	2.0	0.0	0.0	0.0	0.0	0.0	4.0	0.0	0.0	0.0	0.0	0.0	0.0	0.0	0.0	0.0	0.0	0.0	0.0	0.0	0.0	1.0	0.0	0.0	0.0	0.0	0.0	0.0	0.0	1.0	1.0	0.0	0.0	0.0	0.0	0.0	0.0	2.0	0.0	0.0	0.0	0.0	0.0	0.0	0.0	0.0	0.0	0.0	0.0	1.0	0.0	0.0	0.0
k__Bacteria;p__Acidobacteria;c__Solibacteres	0.0	10.0	18.0	3.0	26.0	12.0	26.0	5.0	5.0	10.0	23.0	2.0	10.0	8.0	4.0	4.0	0.0	14.0	3.0	11.0	9.0	3.0	4.0	22.0	2.0	11.0	11.0	8.0	1.0	6.0	11.0	1.0	7.0	0.0	3.0	3.0	11.0	5.0	6.0	4.0	0.0	10.0	7.0	4.0	2.0	1.0	4.0	6.0	7.0	8.0	5.0	5.0	12.0	8.0	11.0	8.0	1.0	5.0	13.0	23.0	17.0	6.0	4.0	8.0	0.0	3.0	6.0	60.0	9.0	1.0	25.0	5.0	17.0	10.0	7.0	12.0	0.0	0.0	28.0	20.0	9.0	13.0	6.0	13.0	5.0	13.0	40.0	11.0	8.0	22.0	11.0	8.0	0.0	12.0	16.0	31.0	12.0	29.0	11.0	13.0	11.0	10.0	12.0	12.0	4.0	23.0	8.0	12.0	30.0	29.0	31.0	14.0	16.0	5.0	20.0	11.0	111.0	15.0	5.0	9.0	16.0	8.0	13.0	2.0	37.0	7.0	7.0	18.0	3.0	8.0	4.0	3.0	9.0
k__Bacteria;p__Acidobacteria;c__Sva0725	2.0	6.0	2.0	3.0	14.0	2.0	1.0	0.0	1.0	2.0	1.0	0.0	1.0	0.0	0.0	7.0	0.0	2.0	2.0	2.0	0.0	0.0	1.0	0.0	2.0	2.0	0.0	4.0	0.0	2.0	2.0	0.0	1.0	0.0	0.0	0.0	1.0	1.0	1.0	0.0	0.0	0.0	1.0	2.0	1.0	0.0	0.0	0.0	0.0	0.0	2.0	0.0	2.0	0.0	0.0	1.0	0.0	0.0	5.0	0.0	4.0	0.0	0.0	5.0	0.0	15.0	4.0	14.0	0.0	0.0	4.0	0.0	3.0	2.0	1.0	4.0	0.0	1.0	5.0	2.0	1.0	0.0	0.0	1.0	2.0	0.0	4.0	1.0	4.0	0.0	1.0	0.0	0.0	2.0	0.0	0.0	3.0	4.0	0.0	1.0	0.0	0.0	7.0	1.0	1.0	0.0	3.0	8.0	2.0	4.0	3.0	3.0	2.0	1.0	2.0	0.0	11.0	3.0	0.0	1.0	5.0	0.0	2.0	0.0	12.0	3.0	4.0	3.0	1.0	2.0	3.0	0.0	7.0
k__Bacteria;p__Acidobacteria;c__iii1-8	0.0	3.0	0.0	0.0	44.0	0.0	12.0	12.0	1.0	4.0	3.0	1.0	6.0	0.0	0.0	0.0	0.0	2.0	1.0	1.0	1.0	0.0	1.0	0.0	0.0	0.0	2.0	0.0	0.0	1.0	0.0	1.0	0.0	0.0	0.0	0.0	0.0	9.0	4.0	1.0	0.0	0.0	1.0	0.0	1.0	9.0	0.0	1.0	0.0	0.0	6.0	1.0	4.0	0.0	1.0	2.0	2.0	0.0	3.0	0.0	5.0	0.0	0.0	0.0	2.0	1.0	6.0	2.0	2.0	1.0	0.0	0.0	1.0	3.0	0.0	2.0	1.0	3.0	2.0	1.0	0.0	4.0	1.0	3.0	0.0	0.0	2.0	7.0	3.0	3.0	3.0	3.0	0.0	2.0	2.0	5.0	1.0	5.0	1.0	1.0	5.0	3.0	5.0	2.0	0.0	0.0	0.0	7.0	5.0	1.0	6.0	2.0	2.0	0.0	7.0	6.0	0.0	0.0	2.0	1.0	3.0	2.0	1.0	1.0	0.0	2.0	2.0	4.0	3.0	2.0	2.0	0.0	3.0
k__Bacteria;p__Actinobacteria;c__	9.0	24.0	0.0	3.0	55.0	15.0	24.0	5.0	56.0	32.0	10.0	3.0	12.0	9.0	9.0	6.0	3.0	10.0	5.0	27.0	5.0	2.0	6.0	7.0	4.0	1.0	2.0	8.0	2.0	8.0	0.0	2.0	3.0	0.0	9.0	2.0	2.0	2.0	3.0	3.0	2.0	2.0	2.0	1.0	5.0	2.0	0.0	0.0	3.0	0.0	0.0	3.0	2.0	6.0	10.0	3.0	2.0	0.0	2.0	0.0	2.0	6.0	1.0	4.0	4.0	1.0	3.0	5.0	8.0	6.0	11.0	5.0	5.0	9.0	4.0	5.0	2.0	4.0	4.0	23.0	8.0	11.0	2.0	1.0	3.0	6.0	90.0	7.0	10.0	4.0	4.0	3.0	4.0	2.0	3.0	3.0	5.0	1.0	1.0	3.0	6.0	3.0	10.0	6.0	4.0	0.0	5.0	8.0	28.0	19.0	9.0	4.0	5.0	3.0	7.0	0.0	179.0	18.0	7.0	3.0	12.0	8.0	20.0	7.0	12.0	1.0	5.0	9.0	4.0	1.0	8.0	3.0	16.0
k__Bacteria;p__Actinobacteria;c__Actinobacteria (class)	9257.0	11650.0	4746.0	9985.0	5158.0	7198.0	6626.0	4860.0	4159.0	5103.0	12825.0	9975.0	7486.0	6479.0	6331.0	7321.0	14327.0	7520.0	14811.0	6045.0	10149.0	4580.0	9469.0	8856.0	4762.0	3157.0	5044.0	6178.0	15865.0	5656.0	7933.0	7884.0	7227.0	2508.0	2799.0	9053.0	4234.0	8966.0	3941.0	4395.0	4488.0	3566.0	4278.0	3031.0	4314.0	5432.0	2728.0	4410.0	4563.0	4710.0	5566.0	5321.0	5883.0	4368.0	6240.0	6822.0	3565.0	12187.0	6383.0	7286.0	5120.0	6327.0	6257.0	5558.0	7627.0	3863.0	11299.0	7709.0	5391.0	5950.0	8612.0	7710.0	8015.0	7159.0	5109.0	6755.0	7141.0	13683.0	7949.0	6217.0	3913.0	5638.0	8920.0	5895.0	4845.0	4900.0	7031.0	4392.0	5970.0	7265.0	6417.0	6285.0	15384.0	4206.0	4819.0	7475.0	5870.0	4624.0	4900.0	4863.0	4797.0	5528.0	8647.0	4838.0	2231.0	3359.0	7232.0	7934.0	8813.0	7023.0	5835.0	6442.0	5436.0	2645.0	9289.0	10327.0	12512.0	5563.0	4420.0	9214.0	6258.0	6193.0	4641.0	4006.0	7850.0	4264.0	7060.0	5498.0	3397.0	5689.0	5390.0	5078.0	5619.0
k__Bacteria;p__Aquificae;c__Aquificae (class)	0.0	0.0	0.0	0.0	0.0	0.0	0.0	0.0	0.0	0.0	0.0	0.0	0.0	0.0	0.0	0.0	0.0	0.0	0.0	0.0	0.0	0.0	0.0	0.0	0.0	0.0	0.0	0.0	0.0	0.0	0.0	0.0	0.0	0.0	0.0	0.0	0.0	0.0	0.0	0.0	0.0	0.0	0.0	0.0	0.0	0.0	0.0	0.0	0.0	0.0	0.0	0.0	0.0	0.0	0.0	0.0	0.0	0.0	0.0	0.0	0.0	0.0	0.0	0.0	0.0	0.0	0.0	0.0	0.0	0.0	0.0	0.0	0.0	0.0	0.0	0.0	0.0	0.0	0.0	0.0	0.0	14.0	0.0	0.0	0.0	0.0	0.0	0.0	2.0	0.0	0.0	2.0	0.0	0.0	0.0	0.0	0.0	0.0	0.0	0.0	0.0	0.0	0.0	0.0	0.0	0.0	0.0	0.0	0.0	0.0	0.0	0.0	0.0	0.0	0.0	0.0	0.0	0.0	0.0	0.0	0.0	0.0	0.0	0.0	0.0	0.0	0.0	0.0	0.0	0.0	0.0	0.0	0.0
k__Bacteria;p__BRC1;c__	0.0	0.0	0.0	0.0	0.0	0.0	0.0	0.0	0.0	0.0	0.0	0.0	0.0	0.0	0.0	0.0	0.0	0.0	0.0	0.0	0.0	0.0	0.0	0.0	0.0	0.0	0.0	0.0	0.0	0.0	0.0	0.0	0.0	0.0	0.0	0.0	0.0	0.0	0.0	0.0	0.0	0.0	0.0	0.0	0.0	0.0	0.0	0.0	0.0	0.0	0.0	0.0	0.0	0.0	0.0	0.0	0.0	0.0	0.0	0.0	0.0	0.0	0.0	0.0	0.0	0.0	0.0	0.0	0.0	0.0	0.0	0.0	0.0	0.0	0.0	0.0	0.0	0.0	0.0	0.0	0.0	0.0	0.0	0.0	0.0	0.0	0.0	0.0	0.0	0.0	0.0	0.0	0.0	0.0	0.0	0.0	0.0	0.0	0.0	0.0	0.0	0.0	0.0	0.0	0.0	0.0	0.0	0.0	0.0	0.0	0.0	0.0	0.0	0.0	0.0	0.0	0.0	0.0	0.0	0.0	0.0	0.0	0.0	0.0	0.0	0.0	0.0	0.0	0.0	0.0	0.0	0.0	0.0
k__Bacteria;p__BRC1;c__PRR-11	0.0	0.0	0.0	3.0	0.0	1.0	18.0	0.0	0.0	1.0	0.0	0.0	0.0	3.0	2.0	0.0	0.0	3.0	0.0	0.0	2.0	0.0	0.0	0.0	0.0	1.0	0.0	1.0	3.0	0.0	0.0	0.0	1.0	0.0	0.0	0.0	0.0	1.0	1.0	0.0	0.0	0.0	0.0	1.0	0.0	0.0	0.0	0.0	1.0	0.0	0.0	0.0	0.0	0.0	0.0	4.0	0.0	0.0	2.0	1.0	3.0	0.0	0.0	0.0	0.0	1.0	0.0	0.0	1.0	1.0	3.0	1.0	2.0	2.0	0.0	0.0	0.0	1.0	2.0	1.0	0.0	0.0	0.0	1.0	1.0	0.0	0.0	1.0	4.0	1.0	4.0	1.0	0.0	0.0	0.0	1.0	0.0	2.0	0.0	2.0	1.0	5.0	0.0	1.0	0.0	0.0	0.0	0.0	3.0	0.0	9.0	0.0	0.0	1.0	2.0	0.0	8.0	0.0	0.0	0.0	2.0	0.0	0.0	0.0	2.0	3.0	0.0	1.0	3.0	2.0	1.0	3.0	3.0
k__Bacteria;p__Bacteroidetes;c__	0.0	0.0	0.0	0.0	0.0	0.0	0.0	0.0	2.0	1.0	0.0	0.0	0.0	0.0	0.0	0.0	0.0	1.0	0.0	0.0	0.0	0.0	0.0	0.0	0.0	0.0	0.0	0.0	2.0	0.0	0.0	0.0	0.0	0.0	0.0	0.0	0.0	0.0	0.0	0.0	0.0	0.0	0.0	0.0	0.0	0.0	0.0	0.0	0.0	0.0	0.0	0.0	0.0	0.0	0.0	0.0	0.0	0.0	0.0	0.0	0.0	0.0	0.0	0.0	0.0	0.0	0.0	0.0	0.0	0.0	0.0	0.0	0.0	0.0	2.0	3.0	0.0	0.0	0.0	0.0	0.0	0.0	0.0	0.0	0.0	0.0	0.0	0.0	0.0	0.0	0.0	0.0	0.0	0.0	0.0	0.0	0.0	0.0	0.0	0.0	0.0	0.0	0.0	0.0	0.0	0.0	0.0	3.0	0.0	1.0	0.0	0.0	0.0	0.0	0.0	1.0	0.0	0.0	1.0	0.0	0.0	0.0	0.0	0.0	0.0	0.0	0.0	0.0	0.0	0.0	0.0	1.0	1.0
k__Bacteria;p__Bacteroidetes;c__Bacteroidia	3283.0	2934.0	1465.0	1163.0	990.0	492.0	1766.0	2219.0	800.0	951.0	2250.0	900.0	1060.0	2762.0	1806.0	490.0	579.0	1517.0	1802.0	550.0	720.0	1640.0	552.0	986.0	1531.0	235.0	607.0	1824.0	1237.0	2222.0	672.0	1023.0	839.0	423.0	1557.0	2457.0	997.0	930.0	687.0	1675.0	1043.0	695.0	1030.0	2057.0	851.0	1027.0	1485.0	758.0	1126.0	695.0	694.0	608.0	686.0	715.0	469.0	4390.0	383.0	698.0	497.0	1045.0	650.0	573.0	5140.0	563.0	1333.0	1722.0	1427.0	459.0	368.0	787.0	778.0	2447.0	2004.0	1182.0	2392.0	1310.0	1383.0	2043.0	770.0	3529.0	2978.0	1471.0	2089.0	1919.0	1592.0	1895.0	4281.0	2296.0	1885.0	931.0	930.0	7156.0	1900.0	7037.0	2882.0	1723.0	3985.0	3897.0	2294.0	3382.0	816.0	2788.0	809.0	809.0	581.0	448.0	840.0	633.0	365.0	747.0	665.0	1520.0	505.0	264.0	1065.0	877.0	897.0	930.0	974.0	520.0	1069.0	2552.0	1258.0	1467.0	783.0	677.0	1174.0	555.0	353.0	743.0	1060.0	690.0	1172.0
k__Bacteria;p__Bacteroidetes;c__Flavobacteria	607.0	662.0	360.0	276.0	587.0	326.0	280.0	402.0	559.0	415.0	653.0	161.0	216.0	303.0	239.0	234.0	126.0	374.0	177.0	147.0	164.0	489.0	206.0	248.0	544.0	247.0	316.0	236.0	148.0	278.0	118.0	651.0	212.0	358.0	158.0	120.0	367.0	308.0	483.0	562.0	254.0	1130.0	769.0	472.0	366.0	248.0	706.0	736.0	663.0	259.0	207.0	64.0	292.0	286.0	370.0	474.0	147.0	122.0	169.0	130.0	162.0	236.0	532.0	312.0	249.0	593.0	99.0	379.0	254.0	322.0	335.0	148.0	535.0	448.0	363.0	1039.0	123.0	129.0	170.0	395.0	109.0	554.0	188.0	431.0	316.0	773.0	770.0	370.0	428.0	506.0	316.0	234.0	138.0	559.0	333.0	246.0	322.0	386.0	277.0	643.0	226.0	380.0	168.0	274.0	479.0	224.0	422.0	314.0	622.0	285.0	335.0	334.0	164.0	199.0	526.0	794.0	792.0	398.0	546.0	1096.0	457.0	558.0	1213.0	3690.0	2390.0	855.0	953.0	604.0	2919.0	1864.0	1442.0	1309.0	3365.0
k__Bacteria;p__Bacteroidetes;c__Sphingobacteria	416.0	773.0	438.0	190.0	1004.0	616.0	1395.0	522.0	147.0	748.0	858.0	163.0	444.0	361.0	305.0	835.0	90.0	663.0	265.0	1004.0	258.0	115.0	292.0	208.0	426.0	953.0	595.0	380.0	261.0	242.0	172.0	422.0	198.0	206.0	129.0	94.0	423.0	246.0	299.0	447.0	231.0	734.0	429.0	236.0	230.0	874.0	220.0	115.0	313.0	324.0	165.0	146.0	555.0	431.0	514.0	548.0	268.0	183.0	745.0	604.0	678.0	217.0	155.0	302.0	243.0	451.0	284.0	1628.0	687.0	386.0	608.0	129.0	677.0	540.0	417.0	551.0	137.0	144.0	1009.0	406.0	290.0	952.0	428.0	810.0	361.0	420.0	904.0	493.0	706.0	923.0	888.0	683.0	69.0	298.0	368.0	780.0	324.0	460.0	380.0	366.0	363.0	522.0	497.0	692.0	1367.0	521.0	526.0	1132.0	1680.0	967.0	687.0	375.0	367.0	662.0	717.0	1291.0	1995.0	556.0	227.0	471.0	792.0	312.0	565.0	626.0	992.0	443.0	533.0	578.0	742.0	1383.0	742.0	383.0	1198.0
k__Bacteria;p__CCM11b;c__	0.0	0.0	0.0	0.0	0.0	0.0	0.0	0.0	0.0	0.0	0.0	0.0	0.0	0.0	0.0	0.0	0.0	0.0	0.0	0.0	0.0	0.0	0.0	0.0	0.0	0.0	0.0	0.0	0.0	0.0	0.0	0.0	0.0	0.0	0.0	0.0	0.0	0.0	0.0	0.0	0.0	0.0	3.0	0.0	0.0	0.0	0.0	0.0	0.0	0.0	0.0	0.0	0.0	0.0	0.0	0.0	0.0	0.0	0.0	0.0	1.0	1.0	0.0	0.0	0.0	0.0	1.0	0.0	0.0	0.0	0.0	0.0	0.0	0.0	0.0	1.0	0.0	0.0	2.0	0.0	0.0	0.0	0.0	2.0	0.0	0.0	0.0	0.0	0.0	0.0	0.0	0.0	0.0	0.0	0.0	0.0	0.0	0.0	0.0	1.0	1.0	0.0	0.0	0.0	0.0	0.0	0.0	1.0	0.0	0.0	0.0	0.0	0.0	0.0	2.0	0.0	0.0	0.0	0.0	1.0	0.0	2.0	0.0	0.0	0.0	0.0	0.0	0.0	1.0	0.0	0.0	0.0	0.0
k__Bacteria;p__Caldithrix_KSB1;c__Caldithrixae	0.0	0.0	0.0	0.0	0.0	0.0	0.0	0.0	0.0	0.0	0.0	0.0	0.0	0.0	0.0	0.0	0.0	0.0	0.0	0.0	0.0	0.0	0.0	0.0	0.0	0.0	0.0	0.0	0.0	0.0	0.0	0.0	0.0	0.0	0.0	0.0	0.0	0.0	0.0	0.0	0.0	0.0	0.0	0.0	0.0	0.0	0.0	0.0	0.0	0.0	0.0	0.0	0.0	0.0	0.0	0.0	0.0	0.0	0.0	0.0	0.0	0.0	0.0	0.0	0.0	0.0	0.0	0.0	0.0	0.0	0.0	0.0	0.0	0.0	0.0	0.0	0.0	0.0	0.0	0.0	0.0	0.0	0.0	0.0	0.0	0.0	0.0	0.0	0.0	0.0	0.0	0.0	0.0	0.0	0.0	0.0	0.0	0.0	0.0	0.0	0.0	0.0	0.0	0.0	0.0	0.0	0.0	0.0	0.0	0.0	0.0	0.0	0.0	0.0	0.0	0.0	0.0	0.0	0.0	0.0	0.0	0.0	0.0	0.0	0.0	0.0	0.0	0.0	0.0	0.0	0.0	0.0	0.0
k__Bacteria;p__Chlamydiae;c__Chlamydiae (class)	0.0	1.0	3.0	0.0	0.0	0.0	1.0	0.0	0.0	1.0	0.0	0.0	0.0	0.0	0.0	0.0	0.0	0.0	0.0	0.0	0.0	0.0	0.0	0.0	0.0	0.0	0.0	0.0	0.0	0.0	0.0	0.0	0.0	0.0	1.0	0.0	0.0	0.0	0.0	0.0	0.0	0.0	0.0	0.0	0.0	0.0	0.0	0.0	0.0	0.0	0.0	0.0	0.0	0.0	0.0	0.0	0.0	0.0	1.0	0.0	2.0	0.0	0.0	1.0	0.0	0.0	0.0	0.0	0.0	1.0	0.0	0.0	1.0	0.0	0.0	0.0	0.0	0.0	0.0	1.0	0.0	0.0	0.0	0.0	0.0	0.0	0.0	0.0	0.0	0.0	0.0	0.0	0.0	0.0	0.0	0.0	0.0	0.0	0.0	1.0	0.0	1.0	1.0	0.0	0.0	0.0	0.0	0.0	0.0	0.0	0.0	0.0	0.0	0.0	0.0	0.0	0.0	0.0	0.0	0.0	0.0	0.0	0.0	0.0	0.0	0.0	0.0	0.0	0.0	0.0	0.0	0.0	0.0
k__Bacteria;p__Chlorobi;c__	0.0	0.0	0.0	0.0	0.0	0.0	0.0	0.0	0.0	0.0	0.0	0.0	0.0	0.0	0.0	0.0	0.0	0.0	0.0	0.0	0.0	0.0	0.0	0.0	0.0	0.0	0.0	0.0	0.0	0.0	0.0	0.0	0.0	0.0	0.0	0.0	0.0	0.0	0.0	0.0	0.0	0.0	0.0	0.0	0.0	0.0	0.0	0.0	0.0	0.0	0.0	0.0	0.0	0.0	0.0	0.0	0.0	0.0	0.0	0.0	0.0	0.0	0.0	0.0	0.0	0.0	0.0	0.0	0.0	0.0	0.0	0.0	0.0	0.0	0.0	0.0	0.0	0.0	0.0	0.0	0.0	0.0	0.0	0.0	0.0	0.0	0.0	0.0	0.0	0.0	0.0	0.0	0.0	0.0	0.0	0.0	0.0	0.0	0.0	0.0	0.0	0.0	0.0	0.0	0.0	0.0	0.0	0.0	0.0	0.0	0.0	0.0	0.0	0.0	0.0	0.0	0.0	0.0	0.0	0.0	0.0	0.0	0.0	0.0	0.0	0.0	0.0	0.0	0.0	0.0	0.0	0.0	0.0
k__Bacteria;p__Chlorobi;c__BSV19	0.0	0.0	0.0	0.0	0.0	0.0	0.0	0.0	0.0	0.0	0.0	0.0	0.0	0.0	0.0	0.0	0.0	0.0	0.0	0.0	0.0	0.0	0.0	0.0	0.0	0.0	1.0	0.0	0.0	0.0	0.0	0.0	0.0	0.0	0.0	0.0	0.0	0.0	0.0	0.0	0.0	0.0	0.0	0.0	0.0	0.0	0.0	0.0	0.0	0.0	0.0	0.0	0.0	0.0	0.0	0.0	0.0	0.0	0.0	0.0	0.0	0.0	0.0	0.0	0.0	0.0	0.0	0.0	0.0	0.0	0.0	0.0	0.0	0.0	0.0	0.0	0.0	0.0	0.0	0.0	0.0	0.0	0.0	0.0	0.0	0.0	0.0	0.0	0.0	0.0	0.0	0.0	0.0	0.0	0.0	0.0	0.0	0.0	0.0	0.0	0.0	0.0	0.0	0.0	0.0	0.0	0.0	0.0	0.0	0.0	0.0	0.0	0.0	0.0	0.0	0.0	0.0	0.0	0.0	0.0	0.0	0.0	0.0	0.0	0.0	0.0	0.0	0.0	0.0	0.0	0.0	0.0	0.0
k__Bacteria;p__Chlorobi;c__OPB56	0.0	0.0	0.0	0.0	0.0	0.0	0.0	0.0	0.0	0.0	0.0	0.0	0.0	0.0	0.0	0.0	0.0	0.0	0.0	0.0	0.0	0.0	0.0	0.0	0.0	0.0	0.0	0.0	0.0	0.0	0.0	0.0	0.0	0.0	0.0	0.0	0.0	0.0	0.0	0.0	0.0	0.0	0.0	0.0	0.0	0.0	0.0	0.0	0.0	0.0	0.0	0.0	0.0	0.0	0.0	0.0	0.0	0.0	0.0	0.0	0.0	0.0	0.0	0.0	0.0	0.0	0.0	0.0	0.0	0.0	0.0	0.0	0.0	0.0	0.0	0.0	0.0	0.0	0.0	0.0	0.0	0.0	0.0	0.0	0.0	0.0	0.0	0.0	0.0	0.0	0.0	0.0	0.0	0.0	0.0	0.0	0.0	0.0	0.0	0.0	0.0	0.0	0.0	0.0	0.0	0.0	0.0	6.0	1.0	0.0	1.0	0.0	0.0	0.0	0.0	0.0	0.0	0.0	0.0	0.0	0.0	0.0	0.0	0.0	0.0	0.0	0.0	0.0	0.0	0.0	0.0	0.0	0.0
k__Bacteria;p__Chlorobi;c__SJA-28	0.0	0.0	0.0	0.0	0.0	0.0	0.0	0.0	0.0	0.0	0.0	0.0	0.0	0.0	0.0	0.0	0.0	0.0	0.0	0.0	0.0	0.0	0.0	0.0	0.0	2.0	0.0	1.0	0.0	0.0	0.0	0.0	1.0	0.0	1.0	0.0	0.0	0.0	0.0	0.0	0.0	0.0	0.0	0.0	0.0	0.0	0.0	0.0	0.0	0.0	0.0	0.0	0.0	0.0	0.0	0.0	0.0	0.0	0.0	0.0	4.0	0.0	0.0	0.0	0.0	1.0	0.0	0.0	0.0	0.0	0.0	1.0	2.0	0.0	0.0	0.0	0.0	0.0	2.0	0.0	0.0	0.0	0.0	0.0	0.0	0.0	0.0	0.0	0.0	0.0	0.0	0.0	0.0	0.0	0.0	0.0	0.0	0.0	0.0	0.0	1.0	0.0	0.0	0.0	0.0	0.0	0.0	1.0	0.0	0.0	0.0	0.0	0.0	0.0	0.0	0.0	3.0	0.0	0.0	2.0	0.0	0.0	0.0	0.0	0.0	0.0	0.0	0.0	0.0	0.0	0.0	0.0	0.0
k__Bacteria;p__Chlorobi;c__ZB1	0.0	0.0	0.0	0.0	0.0	0.0	0.0	0.0	0.0	0.0	0.0	0.0	0.0	0.0	0.0	0.0	0.0	0.0	0.0	0.0	0.0	0.0	0.0	0.0	0.0	0.0	0.0	0.0	0.0	0.0	0.0	0.0	0.0	0.0	0.0	0.0	0.0	0.0	0.0	0.0	0.0	0.0	0.0	0.0	0.0	0.0	0.0	0.0	0.0	0.0	0.0	0.0	0.0	0.0	0.0	0.0	0.0	0.0	0.0	0.0	0.0	0.0	0.0	0.0	0.0	0.0	0.0	0.0	0.0	0.0	0.0	1.0	0.0	0.0	0.0	0.0	0.0	0.0	0.0	0.0	0.0	0.0	0.0	0.0	0.0	1.0	0.0	0.0	0.0	0.0	0.0	0.0	0.0	0.0	0.0	0.0	0.0	0.0	0.0	0.0	0.0	0.0	0.0	0.0	0.0	0.0	0.0	0.0	0.0	0.0	0.0	0.0	0.0	0.0	0.0	0.0	0.0	0.0	0.0	0.0	0.0	0.0	0.0	0.0	0.0	0.0	0.0	0.0	0.0	0.0	0.0	0.0	0.0
k__Bacteria;p__Chloroflexi;c__	0.0	0.0	0.0	0.0	0.0	0.0	0.0	0.0	0.0	0.0	0.0	0.0	0.0	0.0	0.0	0.0	0.0	0.0	0.0	0.0	0.0	0.0	0.0	0.0	0.0	0.0	0.0	0.0	0.0	0.0	0.0	0.0	0.0	0.0	0.0	0.0	0.0	0.0	0.0	0.0	0.0	0.0	0.0	0.0	0.0	0.0	0.0	0.0	0.0	0.0	0.0	0.0	0.0	0.0	0.0	0.0	0.0	0.0	0.0	0.0	0.0	0.0	0.0	0.0	0.0	0.0	0.0	0.0	0.0	0.0	0.0	0.0	0.0	0.0	0.0	0.0	0.0	0.0	0.0	0.0	0.0	0.0	0.0	0.0	0.0	0.0	0.0	0.0	0.0	0.0	0.0	0.0	0.0	0.0	0.0	0.0	0.0	0.0	0.0	0.0	0.0	0.0	0.0	0.0	0.0	0.0	0.0	0.0	0.0	0.0	0.0	0.0	0.0	0.0	0.0	0.0	0.0	0.0	0.0	0.0	0.0	0.0	0.0	0.0	0.0	0.0	0.0	0.0	0.0	0.0	0.0	0.0	0.0
k__Bacteria;p__Chloroflexi;c__Anaerolineae	0.0	3.0	2.0	1.0	4.0	2.0	28.0	3.0	4.0	2.0	3.0	0.0	0.0	0.0	3.0	4.0	1.0	12.0	0.0	2.0	0.0	0.0	3.0	2.0	2.0	2.0	4.0	3.0	0.0	1.0	0.0	3.0	0.0	0.0	0.0	0.0	9.0	1.0	2.0	7.0	2.0	8.0	0.0	1.0	0.0	9.0	0.0	0.0	0.0	0.0	0.0	0.0	5.0	5.0	3.0	5.0	1.0	0.0	6.0	5.0	4.0	0.0	0.0	0.0	3.0	3.0	5.0	13.0	8.0	1.0	9.0	2.0	5.0	2.0	2.0	5.0	2.0	0.0	6.0	0.0	0.0	1.0	0.0	10.0	1.0	4.0	3.0	0.0	1.0	5.0	26.0	0.0	0.0	5.0	2.0	3.0	4.0	9.0	5.0	3.0	1.0	4.0	1.0	1.0	1.0	0.0	3.0	30.0	11.0	7.0	13.0	3.0	2.0	0.0	0.0	2.0	12.0	1.0	0.0	2.0	0.0	1.0	1.0	2.0	9.0	2.0	1.0	3.0	3.0	5.0	4.0	1.0	2.0
k__Bacteria;p__Chloroflexi;c__Bljii12	2.0	9.0	24.0	2.0	8.0	4.0	0.0	0.0	1.0	1.0	6.0	0.0	0.0	0.0	1.0	0.0	0.0	1.0	4.0	1.0	0.0	0.0	0.0	0.0	3.0	0.0	4.0	1.0	0.0	0.0	0.0	0.0	3.0	0.0	0.0	0.0	3.0	3.0	1.0	5.0	5.0	1.0	1.0	3.0	2.0	1.0	0.0	0.0	0.0	0.0	0.0	0.0	4.0	2.0	3.0	2.0	0.0	0.0	4.0	3.0	6.0	0.0	0.0	2.0	1.0	12.0	0.0	22.0	7.0	3.0	1.0	0.0	6.0	6.0	6.0	8.0	0.0	0.0	7.0	1.0	1.0	2.0	0.0	3.0	0.0	3.0	9.0	2.0	11.0	3.0	9.0	8.0	0.0	0.0	4.0	6.0	1.0	4.0	5.0	3.0	2.0	8.0	0.0	3.0	0.0	2.0	3.0	13.0	11.0	13.0	11.0	10.0	4.0	1.0	7.0	4.0	31.0	3.0	1.0	2.0	6.0	1.0	3.0	1.0	26.0	6.0	1.0	5.0	2.0	6.0	0.0	1.0	1.0
k__Bacteria;p__Chloroflexi;c__Chloroflexi (class)	0.0	0.0	0.0	0.0	0.0	0.0	0.0	0.0	0.0	0.0	1.0	0.0	0.0	0.0	0.0	0.0	0.0	0.0	0.0	0.0	0.0	0.0	0.0	5.0	0.0	0.0	0.0	0.0	0.0	0.0	0.0	0.0	0.0	0.0	0.0	0.0	3.0	0.0	0.0	2.0	0.0	3.0	0.0	0.0	1.0	0.0	0.0	0.0	0.0	0.0	0.0	0.0	0.0	0.0	0.0	0.0	0.0	0.0	0.0	0.0	0.0	0.0	0.0	0.0	0.0	1.0	0.0	0.0	0.0	0.0	0.0	0.0	0.0	0.0	0.0	0.0	0.0	0.0	0.0	0.0	0.0	1.0	0.0	4.0	0.0	1.0	1.0	0.0	0.0	1.0	0.0	0.0	0.0	0.0	0.0	0.0	0.0	0.0	0.0	0.0	0.0	0.0	0.0	0.0	0.0	0.0	0.0	0.0	0.0	1.0	0.0	0.0	0.0	1.0	0.0	0.0	0.0	0.0	0.0	0.0	1.0	0.0	0.0	0.0	0.0	0.0	1.0	0.0	0.0	1.0	0.0	0.0	0.0
k__Bacteria;p__Chloroflexi;c__Chloroflexi-4	0.0	0.0	0.0	0.0	0.0	0.0	0.0	0.0	0.0	0.0	0.0	0.0	0.0	0.0	0.0	0.0	0.0	0.0	0.0	0.0	0.0	0.0	0.0	0.0	0.0	0.0	0.0	0.0	0.0	0.0	0.0	0.0	0.0	0.0	0.0	0.0	0.0	0.0	0.0	0.0	0.0	0.0	0.0	0.0	0.0	0.0	0.0	0.0	0.0	0.0	0.0	0.0	0.0	0.0	0.0	0.0	0.0	0.0	0.0	0.0	0.0	0.0	0.0	0.0	0.0	0.0	0.0	0.0	0.0	0.0	0.0	0.0	0.0	0.0	0.0	0.0	0.0	0.0	0.0	0.0	0.0	0.0	0.0	0.0	0.0	0.0	0.0	0.0	0.0	0.0	0.0	0.0	0.0	0.0	0.0	0.0	0.0	0.0	0.0	0.0	0.0	0.0	0.0	0.0	0.0	0.0	0.0	0.0	0.0	0.0	1.0	0.0	0.0	0.0	0.0	0.0	0.0	0.0	0.0	0.0	0.0	0.0	0.0	0.0	0.0	0.0	0.0	0.0	0.0	0.0	0.0	0.0	0.0
k__Bacteria;p__Chloroflexi;c__Ktedonobacteria	0.0	0.0	0.0	0.0	0.0	0.0	0.0	0.0	0.0	0.0	0.0	0.0	0.0	0.0	0.0	0.0	0.0	0.0	0.0	0.0	0.0	0.0	0.0	0.0	0.0	0.0	0.0	0.0	0.0	0.0	0.0	0.0	0.0	0.0	0.0	0.0	0.0	0.0	0.0	0.0	0.0	1.0	0.0	0.0	0.0	0.0	1.0	0.0	0.0	0.0	0.0	0.0	0.0	0.0	0.0	0.0	0.0	0.0	0.0	0.0	0.0	0.0	0.0	0.0	0.0	0.0	0.0	0.0	0.0	0.0	0.0	0.0	0.0	0.0	0.0	0.0	0.0	0.0	0.0	0.0	0.0	0.0	0.0	0.0	0.0	0.0	0.0	0.0	0.0	0.0	0.0	0.0	0.0	0.0	0.0	0.0	0.0	1.0	0.0	0.0	0.0	0.0	0.0	0.0	0.0	0.0	0.0	0.0	0.0	0.0	0.0	0.0	0.0	0.0	0.0	0.0	0.0	0.0	0.0	0.0	0.0	0.0	0.0	0.0	0.0	0.0	0.0	0.0	0.0	0.0	0.0	0.0	0.0
k__Bacteria;p__Chloroflexi;c__SOGA31	50.0	54.0	29.0	18.0	34.0	29.0	56.0	22.0	8.0	61.0	59.0	13.0	24.0	14.0	9.0	30.0	5.0	36.0	19.0	29.0	14.0	8.0	19.0	30.0	15.0	27.0	35.0	13.0	6.0	8.0	6.0	33.0	31.0	21.0	6.0	6.0	41.0	27.0	41.0	40.0	6.0	19.0	32.0	26.0	18.0	25.0	9.0	12.0	18.0	17.0	18.0	12.0	45.0	37.0	38.0	70.0	19.0	17.0	59.0	38.0	137.0	39.0	1.0	20.0	28.0	83.0	42.0	183.0	52.0	33.0	74.0	14.0	78.0	70.0	103.0	126.0	13.0	6.0	130.0	50.0	26.0	60.0	11.0	47.0	21.0	39.0	83.0	79.0	49.0	39.0	58.0	40.0	4.0	50.0	39.0	43.0	35.0	108.0	41.0	25.0	63.0	73.0	34.0	33.0	15.0	18.0	49.0	204.0	46.0	94.0	137.0	75.0	40.0	22.0	78.0	48.0	244.0	68.0	26.0	45.0	113.0	29.0	47.0	44.0	185.0	37.0	43.0	63.0	41.0	55.0	47.0	24.0	35.0
k__Bacteria;p__Chloroflexi;c__TK17	0.0	0.0	0.0	0.0	0.0	2.0	5.0	0.0	0.0	5.0	0.0	0.0	0.0	0.0	1.0	3.0	0.0	1.0	0.0	4.0	1.0	0.0	1.0	0.0	1.0	3.0	5.0	0.0	1.0	0.0	0.0	0.0	7.0	0.0	2.0	0.0	1.0	1.0	0.0	3.0	0.0	0.0	3.0	1.0	2.0	0.0	0.0	1.0	2.0	0.0	0.0	0.0	2.0	5.0	3.0	0.0	2.0	0.0	2.0	5.0	1.0	1.0	0.0	3.0	0.0	1.0	2.0	9.0	3.0	4.0	12.0	1.0	4.0	1.0	4.0	6.0	0.0	0.0	7.0	6.0	0.0	2.0	0.0	3.0	1.0	1.0	1.0	0.0	1.0	3.0	6.0	1.0	0.0	1.0	2.0	3.0	0.0	5.0	1.0	0.0	4.0	1.0	1.0	1.0	0.0	2.0	1.0	3.0	1.0	1.0	2.0	3.0	1.0	1.0	4.0	0.0	3.0	3.0	1.0	1.0	3.0	1.0	5.0	0.0	10.0	3.0	1.0	1.0	1.0	2.0	1.0	3.0	2.0
k__Bacteria;p__Chloroflexi;c__Thermobacula	0.0	0.0	0.0	0.0	0.0	0.0	0.0	0.0	0.0	0.0	0.0	0.0	0.0	0.0	0.0	0.0	0.0	0.0	0.0	0.0	0.0	0.0	0.0	0.0	0.0	0.0	0.0	0.0	0.0	0.0	0.0	0.0	0.0	0.0	0.0	0.0	0.0	0.0	0.0	0.0	0.0	0.0	0.0	0.0	0.0	0.0	0.0	0.0	0.0	0.0	0.0	0.0	0.0	0.0	0.0	0.0	0.0	0.0	0.0	0.0	0.0	0.0	0.0	0.0	0.0	0.0	0.0	0.0	0.0	0.0	0.0	0.0	0.0	0.0	0.0	0.0	0.0	0.0	0.0	0.0	0.0	0.0	0.0	0.0	0.0	0.0	0.0	0.0	0.0	0.0	0.0	0.0	0.0	0.0	0.0	0.0	0.0	0.0	0.0	0.0	0.0	0.0	0.0	0.0	0.0	0.0	0.0	0.0	0.0	0.0	0.0	0.0	0.0	0.0	0.0	0.0	0.0	0.0	0.0	0.0	0.0	0.0	0.0	0.0	0.0	0.0	0.0	0.0	0.0	0.0	0.0	0.0	0.0
k__Bacteria;p__Chloroflexi;c__Thermomicrobia	34.0	49.0	62.0	13.0	24.0	6.0	97.0	37.0	16.0	39.0	28.0	7.0	17.0	17.0	31.0	15.0	4.0	59.0	29.0	52.0	14.0	8.0	26.0	4.0	31.0	13.0	67.0	44.0	12.0	23.0	15.0	38.0	18.0	62.0	11.0	8.0	47.0	24.0	20.0	26.0	7.0	28.0	15.0	24.0	22.0	45.0	19.0	15.0	25.0	18.0	23.0	0.0	30.0	35.0	26.0	56.0	14.0	22.0	48.0	27.0	42.0	13.0	3.0	17.0	28.0	28.0	21.0	41.0	35.0	26.0	48.0	7.0	29.0	25.0	37.0	33.0	13.0	11.0	62.0	28.0	16.0	57.0	6.0	56.0	10.0	30.0	57.0	54.0	45.0	61.0	54.0	35.0	1.0	44.0	41.0	51.0	41.0	66.0	28.0	41.0	45.0	67.0	49.0	23.0	7.0	9.0	36.0	88.0	154.0	41.0	59.0	42.0	27.0	13.0	47.0	24.0	124.0	36.0	24.0	31.0	70.0	18.0	22.0	19.0	62.0	29.0	24.0	38.0	56.0	41.0	38.0	16.0	58.0
k__Bacteria;p__Cyanobacteria;c__	1096.0	2307.0	1364.0	460.0	785.0	1873.0	1606.0	4613.0	16989.0	1558.0	2408.0	278.0	4149.0	439.0	666.0	1657.0	160.0	2445.0	408.0	1604.0	410.0	129.0	709.0	611.0	646.0	3512.0	1556.0	466.0	421.0	187.0	375.0	1347.0	1135.0	847.0	525.0	463.0	1769.0	893.0	822.0	4033.0	4877.0	1413.0	2208.0	536.0	911.0	2416.0	407.0	675.0	484.0	1563.0	394.0	349.0	2091.0	1412.0	827.0	1338.0	5245.0	1219.0	4246.0	1863.0	889.0	527.0	415.0	10749.0	1792.0	546.0	275.0	1417.0	779.0	5575.0	777.0	548.0	871.0	1192.0	2110.0	782.0	659.0	332.0	1484.0	1046.0	6662.0	2412.0	3053.0	2380.0	3710.0	706.0	2894.0	1097.0	5044.0	3285.0	7296.0	943.0	33.0	1631.0	1739.0	4013.0	2003.0	1599.0	3055.0	1816.0	3658.0	1665.0	754.0	1172.0	3125.0	3577.0	2126.0	1589.0	1036.0	4424.0	2260.0	1701.0	4213.0	8485.0	2121.0	1566.0	3637.0	2961.0	4946.0	2681.0	2952.0	1728.0	3085.0	618.0	712.0	3859.0	1868.0	1727.0	6067.0	1181.0	2785.0	1139.0	2089.0
k__Bacteria;p__Cyanobacteria;c__S15B-MN24	0.0	0.0	0.0	0.0	0.0	0.0	0.0	0.0	0.0	0.0	0.0	0.0	0.0	1.0	0.0	3.0	0.0	1.0	0.0	0.0	0.0	0.0	0.0	0.0	0.0	2.0	1.0	0.0	0.0	0.0	0.0	0.0	1.0	0.0	0.0	0.0	0.0	0.0	1.0	0.0	0.0	0.0	0.0	0.0	3.0	0.0	0.0	0.0	0.0	0.0	6.0	0.0	0.0	1.0	0.0	0.0	0.0	0.0	0.0	1.0	3.0	0.0	0.0	2.0	0.0	0.0	0.0	1.0	0.0	0.0	0.0	0.0	0.0	3.0	0.0	0.0	0.0	6.0	0.0	0.0	0.0	0.0	0.0	0.0	0.0	0.0	0.0	1.0	0.0	0.0	0.0	1.0	0.0	1.0	0.0	2.0	0.0	1.0	0.0	0.0	0.0	0.0	0.0	0.0	0.0	0.0	0.0	5.0	9.0	3.0	0.0	2.0	0.0	1.0	0.0	0.0	0.0	0.0	0.0	0.0	1.0	0.0	0.0	0.0	0.0	0.0	0.0	0.0	0.0	1.0	0.0	0.0	2.0
k__Bacteria;p__Cyanobacteria;c__SM1D11	0.0	0.0	0.0	0.0	0.0	0.0	0.0	0.0	0.0	0.0	0.0	0.0	0.0	0.0	0.0	0.0	0.0	0.0	0.0	0.0	0.0	0.0	0.0	0.0	0.0	0.0	0.0	0.0	0.0	0.0	0.0	0.0	0.0	0.0	0.0	0.0	0.0	0.0	0.0	0.0	0.0	0.0	0.0	0.0	0.0	0.0	0.0	0.0	0.0	0.0	0.0	0.0	0.0	0.0	0.0	0.0	0.0	0.0	0.0	0.0	0.0	0.0	0.0	0.0	0.0	0.0	0.0	0.0	0.0	0.0	0.0	0.0	0.0	0.0	0.0	0.0	0.0	0.0	0.0	0.0	0.0	0.0	0.0	0.0	0.0	0.0	0.0	0.0	0.0	0.0	0.0	0.0	0.0	0.0	0.0	0.0	0.0	0.0	0.0	0.0	0.0	0.0	0.0	0.0	0.0	0.0	0.0	0.0	0.0	0.0	0.0	0.0	0.0	0.0	0.0	0.0	0.0	0.0	0.0	0.0	0.0	0.0	0.0	0.0	0.0	0.0	0.0	0.0	0.0	0.0	0.0	0.0	0.0
k__Bacteria;p__Cyanobacteria;c__YS2	0.0	0.0	0.0	0.0	0.0	0.0	0.0	0.0	0.0	0.0	0.0	0.0	0.0	0.0	0.0	0.0	0.0	0.0	0.0	0.0	0.0	0.0	2.0	0.0	4.0	1.0	1.0	0.0	0.0	0.0	0.0	0.0	0.0	0.0	0.0	0.0	0.0	0.0	1.0	4.0	0.0	0.0	0.0	2.0	0.0	0.0	0.0	0.0	0.0	0.0	0.0	0.0	0.0	0.0	0.0	0.0	0.0	0.0	1.0	0.0	0.0	0.0	0.0	0.0	0.0	0.0	0.0	0.0	0.0	0.0	0.0	0.0	0.0	0.0	0.0	0.0	0.0	3.0	0.0	0.0	0.0	0.0	0.0	0.0	0.0	0.0	0.0	0.0	0.0	0.0	0.0	0.0	0.0	0.0	0.0	0.0	0.0	0.0	0.0	0.0	0.0	0.0	0.0	0.0	0.0	0.0	0.0	0.0	0.0	0.0	1.0	0.0	0.0	0.0	0.0	0.0	0.0	0.0	0.0	1.0	0.0	0.0	0.0	0.0	0.0	0.0	0.0	0.0	0.0	0.0	0.0	0.0	0.0
k__Bacteria;p__Cyanobacteria;c__mle1-12	12.0	0.0	9.0	0.0	13.0	2.0	4.0	0.0	1.0	4.0	0.0	0.0	0.0	0.0	1.0	0.0	0.0	0.0	0.0	1.0	0.0	0.0	0.0	0.0	4.0	3.0	0.0	2.0	3.0	3.0	0.0	0.0	0.0	0.0	0.0	0.0	0.0	0.0	0.0	2.0	2.0	0.0	0.0	0.0	0.0	20.0	0.0	0.0	3.0	7.0	0.0	0.0	0.0	1.0	1.0	0.0	5.0	0.0	0.0	0.0	0.0	0.0	34.0	0.0	1.0	2.0	2.0	1.0	1.0	0.0	2.0	0.0	0.0	0.0	0.0	0.0	2.0	0.0	2.0	0.0	0.0	7.0	0.0	2.0	0.0	0.0	0.0	0.0	0.0	1.0	0.0	1.0	3.0	0.0	0.0	0.0	0.0	0.0	0.0	0.0	0.0	0.0	0.0	0.0	0.0	0.0	0.0	0.0	0.0	0.0	0.0	0.0	0.0	0.0	0.0	0.0	0.0	0.0	0.0	0.0	0.0	0.0	0.0	0.0	0.0	0.0	0.0	0.0	0.0	0.0	0.0	0.0	0.0
k__Bacteria;p__Deferribacteres;c__Deferribacteres (class)	0.0	0.0	0.0	0.0	0.0	0.0	0.0	0.0	0.0	0.0	2.0	0.0	0.0	0.0	0.0	0.0	0.0	0.0	0.0	0.0	0.0	0.0	0.0	0.0	0.0	0.0	0.0	1.0	0.0	0.0	0.0	0.0	1.0	0.0	0.0	2.0	1.0	0.0	12.0	2.0	0.0	0.0	0.0	1.0	0.0	0.0	0.0	0.0	0.0	0.0	2.0	0.0	0.0	0.0	0.0	4.0	2.0	7.0	0.0	1.0	2.0	2.0	0.0	0.0	0.0	6.0	0.0	0.0	1.0	0.0	0.0	0.0	0.0	1.0	3.0	0.0	1.0	0.0	1.0	4.0	0.0	0.0	0.0	4.0	0.0	0.0	1.0	4.0	0.0	1.0	0.0	0.0	0.0	4.0	6.0	1.0	3.0	3.0	1.0	1.0	4.0	1.0	0.0	0.0	0.0	0.0	0.0	2.0	4.0	0.0	0.0	1.0	0.0	0.0	0.0	0.0	2.0	0.0	0.0	1.0	0.0	0.0	1.0	0.0	0.0	0.0	2.0	1.0	2.0	0.0	0.0	0.0	0.0
k__Bacteria;p__Elusimicrobia;c__Elusimicrobia (class)	0.0	0.0	0.0	0.0	0.0	0.0	0.0	0.0	0.0	0.0	0.0	0.0	0.0	0.0	0.0	0.0	0.0	0.0	0.0	0.0	0.0	0.0	0.0	0.0	1.0	1.0	0.0	1.0	0.0	0.0	0.0	0.0	0.0	0.0	0.0	0.0	0.0	0.0	0.0	0.0	0.0	0.0	1.0	0.0	0.0	0.0	0.0	0.0	0.0	0.0	0.0	0.0	0.0	0.0	0.0	0.0	0.0	0.0	0.0	0.0	0.0	0.0	0.0	0.0	0.0	0.0	0.0	0.0	0.0	0.0	0.0	0.0	0.0	0.0	0.0	0.0	0.0	0.0	1.0	0.0	0.0	0.0	0.0	0.0	0.0	0.0	0.0	0.0	0.0	0.0	0.0	0.0	0.0	0.0	0.0	1.0	0.0	2.0	3.0	0.0	0.0	0.0	0.0	0.0	0.0	0.0	0.0	3.0	1.0	0.0	0.0	0.0	0.0	0.0	0.0	1.0	0.0	0.0	0.0	0.0	0.0	0.0	0.0	0.0	0.0	0.0	0.0	0.0	1.0	1.0	0.0	0.0	0.0
k__Bacteria;p__Fibrobacteres;c__Fibrobacteres (class)	0.0	0.0	0.0	0.0	0.0	0.0	7.0	0.0	0.0	0.0	0.0	0.0	0.0	0.0	0.0	0.0	0.0	0.0	0.0	0.0	0.0	0.0	0.0	0.0	0.0	0.0	0.0	0.0	0.0	0.0	0.0	0.0	0.0	0.0	0.0	0.0	0.0	0.0	0.0	0.0	0.0	0.0	0.0	0.0	0.0	0.0	0.0	0.0	0.0	0.0	0.0	0.0	0.0	0.0	0.0	0.0	0.0	0.0	0.0	0.0	0.0	0.0	0.0	0.0	0.0	0.0	0.0	0.0	0.0	0.0	0.0	0.0	0.0	0.0	0.0	0.0	0.0	0.0	0.0	0.0	0.0	0.0	0.0	0.0	1.0	0.0	0.0	0.0	0.0	0.0	0.0	0.0	0.0	0.0	0.0	0.0	0.0	0.0	0.0	0.0	0.0	1.0	0.0	0.0	0.0	0.0	0.0	0.0	0.0	4.0	0.0	0.0	1.0	0.0	0.0	0.0	0.0	0.0	0.0	0.0	0.0	0.0	0.0	0.0	0.0	0.0	0.0	0.0	0.0	0.0	0.0	0.0	0.0
k__Bacteria;p__Firmicutes;c__Bacilli	12578.0	8573.0	12314.0	16687.0	6445.0	13260.0	6937.0	14053.0	9559.0	10687.0	9749.0	16952.0	10521.0	12052.0	12964.0	8616.0	4066.0	6455.0	9898.0	3415.0	7323.0	4347.0	7460.0	6538.0	5103.0	5862.0	4339.0	5181.0	11017.0	8927.0	5083.0	4683.0	5391.0	3865.0	11458.0	7439.0	5246.0	8314.0	4391.0	6686.0	7764.0	3342.0	5198.0	2694.0	6113.0	3420.0	4772.0	9048.0	5371.0	6719.0	8788.0	6817.0	4757.0	7227.0	6458.0	5109.0	4148.0	5894.0	3468.0	4069.0	4771.0	11275.0	15993.0	7619.0	12814.0	8750.0	9246.0	3302.0	3137.0	5035.0	8371.0	10566.0	8168.0	8774.0	6444.0	4376.0	14051.0	15539.0	4556.0	10656.0	10257.0	5274.0	11154.0	6680.0	9150.0	6959.0	7281.0	4172.0	5479.0	7353.0	5744.0	5510.0	8207.0	3146.0	12280.0	3901.0	3256.0	4521.0	11691.0	6824.0	9248.0	7552.0	6271.0	3837.0	3036.0	4548.0	10948.0	6319.0	4709.0	4878.0	4669.0	8485.0	5455.0	2470.0	7190.0	3811.0	9770.0	5710.0	13490.0	4871.0	6112.0	11611.0	4306.0	2986.0	4520.0	4303.0	6191.0	4102.0	2196.0	8696.0	8448.0	12093.0	11030.0
k__Bacteria;p__Firmicutes;c__Clostridia	3783.0	3875.0	2578.0	2343.0	1762.0	1434.0	1412.0	1405.0	1014.0	1757.0	3221.0	2928.0	2182.0	4552.0	3049.0	1961.0	2021.0	2762.0	5281.0	3882.0	2792.0	2672.0	1689.0	2136.0	1821.0	542.0	1105.0	3125.0	3435.0	2435.0	1711.0	1967.0	5066.0	979.0	1160.0	11222.0	1638.0	3787.0	1737.0	2484.0	1918.0	846.0	1311.0	2857.0	1634.0	2246.0	4219.0	2570.0	2417.0	1483.0	2241.0	4570.0	1947.0	1610.0	2051.0	6352.0	914.0	2607.0	1349.0	1651.0	3676.0	2484.0	4720.0	2330.0	2485.0	2410.0	3050.0	1320.0	1124.0	2237.0	2474.0	3517.0	2819.0	2825.0	2706.0	1517.0	2928.0	2735.0	991.0	3405.0	1749.0	1911.0	4091.0	2521.0	2054.0	1851.0	4155.0	2413.0	2956.0	1907.0	1899.0	9026.0	8320.0	11768.0	2484.0	2490.0	4350.0	4924.0	2941.0	6182.0	1585.0	3693.0	2460.0	1579.0	1297.0	1197.0	1575.0	1339.0	984.0	1468.0	1205.0	2671.0	1373.0	570.0	1755.0	3067.0	2281.0	1385.0	1222.0	1294.0	1632.0	1865.0	1202.0	1542.0	1177.0	1126.0	2383.0	1314.0	713.0	1091.0	1421.0	777.0	1140.0
k__Bacteria;p__Fusobacteria;c__Fusobacteria (class)	2264.0	2068.0	719.0	524.0	490.0	191.0	459.0	568.0	713.0	508.0	1129.0	287.0	578.0	1243.0	959.0	229.0	112.0	517.0	264.0	146.0	404.0	7658.0	285.0	555.0	462.0	88.0	264.0	2058.0	358.0	1387.0	329.0	425.0	191.0	200.0	347.0	327.0	2384.0	1544.0	5838.0	2136.0	871.0	1314.0	2705.0	5372.0	3519.0	1404.0	1672.0	3536.0	3412.0	2066.0	4061.0	412.0	1541.0	1139.0	1196.0	3123.0	721.0	541.0	1678.0	1354.0	1175.0	828.0	3512.0	672.0	793.0	1891.0	353.0	709.0	525.0	952.0	907.0	622.0	838.0	982.0	1540.0	765.0	671.0	715.0	433.0	1238.0	881.0	494.0	572.0	615.0	697.0	747.0	1547.0	943.0	1935.0	381.0	706.0	1656.0	291.0	1970.0	1168.0	383.0	2443.0	1719.0	761.0	1890.0	512.0	941.0	225.0	374.0	208.0	155.0	272.0	281.0	79.0	277.0	239.0	928.0	213.0	56.0	497.0	271.0	392.0	367.0	351.0	268.0	378.0	464.0	388.0	1425.0	633.0	362.0	350.0	504.0	246.0	394.0	475.0	199.0	539.0
k__Bacteria;p__GN02;c__	0.0	0.0	0.0	0.0	0.0	0.0	0.0	0.0	0.0	0.0	0.0	0.0	0.0	0.0	0.0	0.0	0.0	0.0	0.0	0.0	0.0	0.0	0.0	0.0	0.0	0.0	0.0	0.0	0.0	0.0	0.0	0.0	0.0	0.0	0.0	0.0	0.0	0.0	0.0	0.0	0.0	0.0	0.0	0.0	0.0	0.0	0.0	0.0	0.0	0.0	0.0	0.0	0.0	0.0	0.0	0.0	0.0	0.0	0.0	0.0	0.0	0.0	0.0	0.0	0.0	0.0	0.0	0.0	0.0	0.0	0.0	0.0	0.0	0.0	0.0	0.0	0.0	0.0	0.0	0.0	0.0	0.0	0.0	0.0	0.0	0.0	0.0	0.0	0.0	0.0	0.0	0.0	0.0	0.0	0.0	0.0	0.0	0.0	0.0	0.0	0.0	0.0	0.0	0.0	0.0	0.0	0.0	0.0	0.0	0.0	0.0	0.0	0.0	0.0	0.0	0.0	0.0	0.0	0.0	0.0	0.0	0.0	0.0	0.0	0.0	0.0	0.0	0.0	0.0	0.0	0.0	0.0	0.0
k__Bacteria;p__GN02;c__VC12-cl04	0.0	0.0	0.0	0.0	0.0	0.0	0.0	0.0	0.0	0.0	0.0	0.0	0.0	0.0	0.0	0.0	0.0	0.0	0.0	0.0	0.0	0.0	0.0	0.0	0.0	0.0	0.0	0.0	0.0	0.0	0.0	0.0	0.0	0.0	0.0	0.0	0.0	0.0	0.0	0.0	0.0	0.0	0.0	0.0	0.0	0.0	0.0	0.0	0.0	0.0	0.0	0.0	0.0	0.0	0.0	0.0	0.0	0.0	0.0	0.0	0.0	0.0	0.0	0.0	0.0	0.0	0.0	0.0	0.0	0.0	0.0	0.0	0.0	0.0	0.0	0.0	0.0	0.0	0.0	0.0	0.0	0.0	0.0	0.0	0.0	0.0	0.0	0.0	0.0	0.0	0.0	0.0	0.0	0.0	0.0	0.0	0.0	0.0	0.0	0.0	0.0	0.0	0.0	0.0	0.0	0.0	0.0	0.0	0.0	0.0	0.0	0.0	0.0	0.0	0.0	0.0	0.0	0.0	0.0	0.0	0.0	0.0	0.0	0.0	0.0	0.0	0.0	0.0	0.0	0.0	0.0	0.0	0.0
k__Bacteria;p__Gemmatimonadetes;c__Gemmatimonadetes (class)	25.0	18.0	3.0	4.0	45.0	11.0	51.0	9.0	5.0	26.0	13.0	1.0	8.0	16.0	5.0	10.0	4.0	27.0	8.0	24.0	7.0	2.0	5.0	6.0	18.0	11.0	18.0	23.0	5.0	8.0	7.0	14.0	2.0	10.0	5.0	2.0	8.0	10.0	20.0	9.0	3.0	21.0	16.0	8.0	8.0	17.0	11.0	3.0	10.0	15.0	7.0	2.0	20.0	15.0	19.0	30.0	3.0	6.0	20.0	21.0	44.0	7.0	4.0	15.0	2.0	10.0	29.0	48.0	29.0	18.0	25.0	8.0	27.0	23.0	12.0	32.0	7.0	7.0	49.0	34.0	15.0	40.0	4.0	19.0	21.0	16.0	25.0	27.0	28.0	17.0	26.0	22.0	2.0	8.0	17.0	31.0	20.0	53.0	22.0	17.0	14.0	40.0	24.0	17.0	5.0	3.0	16.0	53.0	42.0	48.0	43.0	21.0	19.0	8.0	47.0	14.0	112.0	30.0	14.0	23.0	33.0	12.0	15.0	21.0	54.0	16.0	15.0	27.0	18.0	19.0	19.0	7.0	13.0
k__Bacteria;p__Lentisphaerae;c__	0.0	0.0	0.0	0.0	0.0	0.0	0.0	0.0	0.0	0.0	0.0	0.0	0.0	0.0	0.0	0.0	0.0	0.0	0.0	0.0	0.0	0.0	0.0	0.0	0.0	0.0	0.0	0.0	0.0	0.0	0.0	0.0	0.0	0.0	0.0	0.0	0.0	0.0	0.0	0.0	0.0	0.0	0.0	0.0	0.0	0.0	0.0	0.0	0.0	0.0	0.0	0.0	0.0	0.0	0.0	0.0	0.0	0.0	0.0	0.0	0.0	0.0	0.0	0.0	0.0	0.0	0.0	0.0	0.0	0.0	0.0	0.0	0.0	0.0	0.0	0.0	0.0	0.0	0.0	0.0	0.0	0.0	0.0	0.0	0.0	0.0	0.0	0.0	0.0	0.0	0.0	0.0	0.0	0.0	0.0	0.0	0.0	0.0	0.0	0.0	0.0	0.0	0.0	0.0	0.0	0.0	0.0	0.0	0.0	0.0	0.0	0.0	0.0	0.0	0.0	0.0	0.0	0.0	0.0	0.0	0.0	0.0	0.0	0.0	0.0	0.0	0.0	0.0	0.0	0.0	0.0	0.0	0.0
k__Bacteria;p__Lentisphaerae;c__Lentisphaerae (class)	0.0	0.0	0.0	0.0	0.0	0.0	0.0	0.0	0.0	0.0	0.0	0.0	0.0	0.0	0.0	0.0	0.0	0.0	0.0	0.0	0.0	0.0	0.0	0.0	0.0	0.0	0.0	0.0	0.0	0.0	0.0	0.0	0.0	0.0	0.0	0.0	0.0	0.0	0.0	0.0	0.0	0.0	0.0	0.0	0.0	0.0	0.0	0.0	0.0	0.0	0.0	0.0	0.0	0.0	0.0	0.0	0.0	0.0	0.0	0.0	0.0	0.0	0.0	0.0	0.0	0.0	0.0	0.0	0.0	0.0	0.0	0.0	0.0	0.0	0.0	0.0	0.0	0.0	0.0	0.0	0.0	0.0	0.0	0.0	0.0	0.0	0.0	0.0	0.0	0.0	0.0	0.0	0.0	0.0	0.0	0.0	0.0	0.0	0.0	0.0	0.0	0.0	0.0	0.0	0.0	0.0	0.0	0.0	0.0	0.0	0.0	0.0	0.0	0.0	0.0	0.0	0.0	0.0	0.0	0.0	0.0	0.0	0.0	0.0	0.0	0.0	0.0	0.0	0.0	0.0	0.0	0.0	0.0
k__Bacteria;p__MVP-15;c__	0.0	0.0	0.0	0.0	0.0	0.0	0.0	0.0	0.0	0.0	0.0	0.0	0.0	0.0	0.0	0.0	0.0	0.0	0.0	0.0	0.0	0.0	0.0	0.0	0.0	0.0	0.0	0.0	0.0	0.0	0.0	0.0	0.0	0.0	0.0	0.0	0.0	0.0	0.0	0.0	0.0	0.0	0.0	0.0	0.0	0.0	0.0	0.0	0.0	0.0	0.0	0.0	0.0	0.0	0.0	0.0	3.0	0.0	0.0	0.0	0.0	0.0	0.0	0.0	0.0	0.0	0.0	0.0	0.0	0.0	0.0	0.0	0.0	0.0	0.0	0.0	0.0	0.0	0.0	0.0	0.0	0.0	0.0	0.0	0.0	0.0	0.0	0.0	0.0	0.0	0.0	0.0	0.0	0.0	0.0	0.0	0.0	0.0	0.0	0.0	0.0	0.0	0.0	0.0	0.0	0.0	0.0	0.0	0.0	0.0	0.0	0.0	0.0	0.0	0.0	0.0	0.0	0.0	0.0	0.0	0.0	0.0	0.0	0.0	0.0	0.0	0.0	0.0	0.0	0.0	0.0	0.0	0.0
k__Bacteria;p__NC10;c__	0.0	0.0	0.0	0.0	0.0	0.0	0.0	0.0	0.0	0.0	0.0	0.0	0.0	0.0	0.0	0.0	0.0	0.0	0.0	0.0	0.0	0.0	0.0	0.0	0.0	0.0	0.0	0.0	0.0	0.0	0.0	0.0	0.0	0.0	0.0	0.0	0.0	0.0	0.0	0.0	0.0	0.0	0.0	0.0	0.0	0.0	0.0	0.0	0.0	0.0	0.0	0.0	0.0	0.0	0.0	0.0	0.0	0.0	0.0	0.0	0.0	0.0	0.0	0.0	0.0	0.0	0.0	0.0	0.0	0.0	0.0	0.0	0.0	0.0	0.0	0.0	0.0	0.0	0.0	0.0	0.0	0.0	0.0	0.0	0.0	0.0	0.0	0.0	0.0	0.0	0.0	0.0	0.0	0.0	1.0	0.0	0.0	0.0	0.0	0.0	0.0	0.0	0.0	0.0	0.0	0.0	0.0	0.0	0.0	0.0	0.0	0.0	0.0	0.0	0.0	0.0	0.0	0.0	0.0	0.0	0.0	0.0	0.0	0.0	0.0	0.0	0.0	0.0	0.0	0.0	0.0	0.0	0.0
k__Bacteria;p__NKB19;c__	0.0	0.0	0.0	0.0	0.0	0.0	0.0	0.0	0.0	0.0	0.0	0.0	0.0	0.0	0.0	0.0	0.0	0.0	0.0	0.0	0.0	0.0	0.0	0.0	0.0	0.0	0.0	0.0	0.0	0.0	0.0	0.0	0.0	0.0	0.0	0.0	0.0	0.0	0.0	0.0	0.0	0.0	0.0	0.0	0.0	0.0	0.0	0.0	0.0	0.0	0.0	0.0	0.0	0.0	0.0	0.0	0.0	0.0	0.0	0.0	0.0	0.0	0.0	0.0	0.0	0.0	0.0	0.0	0.0	0.0	0.0	0.0	0.0	0.0	0.0	0.0	0.0	0.0	0.0	0.0	0.0	0.0	0.0	0.0	0.0	0.0	0.0	0.0	0.0	0.0	0.0	0.0	0.0	0.0	0.0	0.0	0.0	0.0	0.0	3.0	0.0	0.0	0.0	0.0	0.0	0.0	0.0	2.0	0.0	0.0	0.0	0.0	0.0	0.0	0.0	0.0	0.0	0.0	0.0	0.0	0.0	0.0	0.0	0.0	0.0	0.0	0.0	0.0	0.0	0.0	1.0	2.0	0.0
k__Bacteria;p__Nitrospirae;c__Nitrospira (class)	0.0	5.0	8.0	0.0	38.0	7.0	0.0	0.0	5.0	3.0	3.0	0.0	2.0	8.0	3.0	0.0	0.0	5.0	3.0	0.0	0.0	0.0	0.0	0.0	0.0	5.0	1.0	1.0	2.0	0.0	0.0	1.0	1.0	0.0	0.0	0.0	4.0	6.0	1.0	3.0	0.0	8.0	13.0	4.0	2.0	7.0	1.0	2.0	0.0	0.0	1.0	0.0	0.0	1.0	5.0	5.0	2.0	0.0	5.0	0.0	4.0	3.0	6.0	2.0	2.0	3.0	1.0	17.0	4.0	1.0	10.0	0.0	8.0	8.0	11.0	6.0	2.0	0.0	12.0	1.0	3.0	0.0	0.0	7.0	1.0	3.0	12.0	3.0	8.0	5.0	8.0	8.0	0.0	4.0	3.0	2.0	3.0	0.0	1.0	1.0	3.0	7.0	0.0	8.0	3.0	0.0	1.0	17.0	2.0	6.0	23.0	4.0	3.0	1.0	3.0	0.0	4.0	9.0	0.0	4.0	10.0	3.0	0.0	1.0	12.0	2.0	3.0	8.0	0.0	6.0	0.0	1.0	4.0
k__Bacteria;p__OP10;c__	0.0	0.0	0.0	0.0	0.0	0.0	0.0	0.0	0.0	0.0	0.0	0.0	0.0	0.0	0.0	0.0	0.0	0.0	0.0	0.0	0.0	0.0	0.0	0.0	0.0	0.0	0.0	0.0	0.0	0.0	0.0	0.0	0.0	0.0	0.0	0.0	0.0	0.0	0.0	0.0	0.0	0.0	0.0	0.0	0.0	0.0	0.0	0.0	0.0	0.0	0.0	0.0	0.0	0.0	0.0	0.0	0.0	0.0	0.0	0.0	0.0	0.0	0.0	0.0	0.0	0.0	0.0	0.0	0.0	0.0	0.0	0.0	0.0	0.0	0.0	0.0	0.0	0.0	0.0	0.0	0.0	0.0	0.0	0.0	0.0	0.0	0.0	0.0	0.0	0.0	0.0	0.0	0.0	0.0	0.0	0.0	0.0	0.0	0.0	0.0	0.0	0.0	0.0	0.0	0.0	0.0	0.0	0.0	0.0	0.0	0.0	0.0	0.0	0.0	0.0	0.0	0.0	0.0	0.0	0.0	0.0	0.0	0.0	0.0	0.0	0.0	0.0	0.0	0.0	0.0	0.0	0.0	0.0
k__Bacteria;p__OP10;c__5B-18	0.0	0.0	0.0	0.0	0.0	0.0	0.0	0.0	1.0	0.0	0.0	0.0	0.0	0.0	0.0	0.0	0.0	0.0	0.0	0.0	0.0	0.0	1.0	0.0	0.0	0.0	0.0	0.0	0.0	2.0	0.0	0.0	0.0	0.0	0.0	0.0	0.0	0.0	0.0	0.0	0.0	0.0	0.0	0.0	0.0	0.0	0.0	0.0	0.0	0.0	0.0	6.0	0.0	2.0	0.0	0.0	0.0	0.0	0.0	0.0	0.0	0.0	0.0	0.0	0.0	0.0	0.0	0.0	3.0	0.0	0.0	0.0	0.0	1.0	0.0	0.0	0.0	0.0	3.0	1.0	0.0	0.0	0.0	0.0	0.0	2.0	0.0	0.0	0.0	0.0	0.0	0.0	0.0	0.0	0.0	0.0	0.0	1.0	0.0	0.0	0.0	0.0	2.0	0.0	0.0	0.0	0.0	0.0	0.0	0.0	0.0	0.0	0.0	0.0	0.0	0.0	0.0	0.0	0.0	0.0	0.0	0.0	3.0	0.0	0.0	0.0	0.0	0.0	0.0	0.0	1.0	0.0	1.0
k__Bacteria;p__OP10;c__CH21	0.0	0.0	0.0	0.0	0.0	0.0	0.0	0.0	1.0	4.0	0.0	0.0	0.0	0.0	2.0	0.0	0.0	0.0	0.0	3.0	0.0	0.0	0.0	0.0	0.0	2.0	0.0	0.0	0.0	0.0	0.0	0.0	0.0	0.0	0.0	0.0	0.0	0.0	0.0	1.0	0.0	0.0	0.0	2.0	0.0	7.0	0.0	0.0	0.0	8.0	0.0	4.0	1.0	0.0	0.0	0.0	0.0	0.0	1.0	0.0	4.0	0.0	0.0	8.0	0.0	0.0	0.0	1.0	0.0	0.0	0.0	0.0	0.0	0.0	0.0	2.0	0.0	0.0	1.0	0.0	0.0	0.0	0.0	0.0	0.0	0.0	0.0	5.0	0.0	0.0	0.0	0.0	0.0	0.0	0.0	0.0	0.0	0.0	0.0	0.0	0.0	0.0	0.0	0.0	0.0	0.0	0.0	0.0	3.0	0.0	2.0	0.0	2.0	0.0	0.0	0.0	0.0	2.0	0.0	0.0	1.0	0.0	0.0	0.0	0.0	0.0	0.0	0.0	0.0	0.0	0.0	0.0	0.0
k__Bacteria;p__OP10;c__CL500-48	1.0	0.0	0.0	2.0	0.0	0.0	0.0	3.0	0.0	1.0	2.0	0.0	0.0	4.0	0.0	4.0	0.0	3.0	0.0	1.0	0.0	0.0	0.0	0.0	1.0	0.0	4.0	1.0	0.0	1.0	0.0	0.0	0.0	0.0	1.0	0.0	2.0	1.0	0.0	2.0	0.0	1.0	1.0	0.0	1.0	0.0	0.0	0.0	0.0	0.0	0.0	0.0	1.0	2.0	0.0	1.0	0.0	2.0	1.0	1.0	2.0	1.0	0.0	0.0	1.0	0.0	1.0	6.0	0.0	0.0	3.0	0.0	3.0	2.0	1.0	3.0	0.0	0.0	1.0	1.0	0.0	0.0	0.0	0.0	0.0	4.0	2.0	0.0	3.0	0.0	0.0	4.0	0.0	1.0	1.0	7.0	0.0	1.0	0.0	0.0	0.0	3.0	1.0	0.0	0.0	0.0	1.0	11.0	8.0	2.0	3.0	1.0	6.0	0.0	1.0	0.0	5.0	0.0	0.0	1.0	4.0	0.0	0.0	2.0	0.0	1.0	0.0	1.0	1.0	2.0	3.0	1.0	6.0
k__Bacteria;p__OP10;c__OS-L	0.0	0.0	0.0	0.0	0.0	0.0	0.0	0.0	0.0	0.0	0.0	0.0	0.0	0.0	0.0	0.0	0.0	0.0	0.0	0.0	0.0	0.0	0.0	0.0	0.0	0.0	0.0	0.0	0.0	0.0	0.0	0.0	0.0	0.0	0.0	0.0	0.0	0.0	0.0	0.0	0.0	0.0	0.0	0.0	0.0	0.0	0.0	0.0	0.0	0.0	0.0	0.0	0.0	0.0	0.0	0.0	0.0	0.0	0.0	0.0	0.0	0.0	0.0	0.0	0.0	0.0	0.0	0.0	0.0	0.0	0.0	0.0	0.0	0.0	0.0	0.0	0.0	0.0	0.0	0.0	0.0	0.0	0.0	0.0	0.0	0.0	0.0	0.0	0.0	0.0	0.0	0.0	0.0	0.0	0.0	0.0	0.0	0.0	0.0	0.0	0.0	0.0	0.0	0.0	0.0	0.0	0.0	0.0	0.0	0.0	0.0	0.0	0.0	0.0	0.0	0.0	0.0	0.0	0.0	0.0	0.0	0.0	0.0	0.0	0.0	0.0	1.0	0.0	0.0	0.0	0.0	0.0	0.0
k__Bacteria;p__OP10;c__S1a-1H	0.0	0.0	0.0	0.0	0.0	0.0	0.0	0.0	0.0	0.0	0.0	0.0	0.0	0.0	0.0	0.0	0.0	0.0	0.0	0.0	0.0	0.0	0.0	0.0	0.0	0.0	0.0	0.0	0.0	0.0	0.0	0.0	0.0	0.0	0.0	0.0	0.0	0.0	0.0	0.0	0.0	0.0	0.0	0.0	0.0	0.0	0.0	0.0	1.0	0.0	0.0	0.0	0.0	0.0	0.0	1.0	0.0	0.0	0.0	0.0	0.0	0.0	0.0	0.0	0.0	0.0	0.0	0.0	0.0	0.0	1.0	0.0	0.0	0.0	0.0	0.0	0.0	0.0	0.0	0.0	0.0	0.0	1.0	0.0	0.0	0.0	0.0	0.0	0.0	0.0	0.0	0.0	0.0	0.0	0.0	0.0	1.0	0.0	0.0	0.0	0.0	0.0	2.0	1.0	0.0	0.0	0.0	0.0	0.0	0.0	0.0	0.0	0.0	0.0	0.0	0.0	0.0	0.0	0.0	0.0	0.0	0.0	0.0	0.0	0.0	0.0	1.0	0.0	0.0	1.0	0.0	0.0	1.0
k__Bacteria;p__OP10;c__SJA-176	0.0	0.0	0.0	0.0	0.0	0.0	0.0	0.0	0.0	0.0	0.0	0.0	0.0	0.0	0.0	0.0	0.0	0.0	0.0	0.0	0.0	0.0	0.0	0.0	0.0	0.0	0.0	0.0	0.0	0.0	0.0	0.0	0.0	0.0	0.0	0.0	0.0	0.0	0.0	0.0	0.0	0.0	0.0	0.0	0.0	0.0	0.0	0.0	0.0	0.0	0.0	0.0	0.0	0.0	0.0	0.0	0.0	0.0	0.0	0.0	0.0	0.0	0.0	0.0	0.0	0.0	0.0	0.0	0.0	0.0	0.0	0.0	0.0	0.0	0.0	0.0	0.0	0.0	0.0	0.0	0.0	0.0	0.0	0.0	0.0	0.0	0.0	0.0	0.0	0.0	0.0	0.0	0.0	0.0	0.0	0.0	0.0	0.0	0.0	0.0	0.0	0.0	0.0	0.0	0.0	0.0	0.0	0.0	0.0	0.0	0.0	0.0	0.0	0.0	0.0	0.0	0.0	0.0	0.0	0.0	0.0	0.0	0.0	0.0	0.0	0.0	0.0	0.0	0.0	0.0	0.0	0.0	0.0
k__Bacteria;p__OP10;c__SJA-22	0.0	0.0	0.0	0.0	0.0	0.0	0.0	0.0	0.0	0.0	0.0	0.0	0.0	0.0	0.0	0.0	0.0	0.0	0.0	0.0	0.0	0.0	0.0	0.0	0.0	0.0	0.0	0.0	0.0	0.0	0.0	0.0	0.0	0.0	0.0	0.0	0.0	0.0	0.0	0.0	0.0	0.0	0.0	0.0	0.0	0.0	0.0	0.0	0.0	0.0	0.0	0.0	0.0	0.0	0.0	0.0	0.0	0.0	0.0	0.0	0.0	0.0	0.0	0.0	0.0	0.0	0.0	0.0	0.0	0.0	0.0	0.0	0.0	0.0	0.0	0.0	0.0	0.0	0.0	0.0	0.0	0.0	0.0	0.0	0.0	0.0	0.0	0.0	0.0	0.0	0.0	0.0	0.0	0.0	0.0	0.0	0.0	0.0	0.0	0.0	0.0	0.0	0.0	0.0	0.0	0.0	0.0	0.0	0.0	0.0	0.0	0.0	0.0	0.0	0.0	0.0	0.0	0.0	0.0	0.0	0.0	0.0	0.0	0.0	0.0	0.0	0.0	0.0	0.0	0.0	0.0	0.0	0.0
k__Bacteria;p__OP11;c__	0.0	0.0	0.0	0.0	0.0	0.0	0.0	0.0	0.0	0.0	0.0	0.0	0.0	0.0	0.0	0.0	0.0	0.0	0.0	0.0	0.0	0.0	0.0	0.0	0.0	0.0	0.0	0.0	0.0	0.0	0.0	0.0	0.0	0.0	0.0	0.0	0.0	0.0	0.0	0.0	0.0	0.0	0.0	0.0	0.0	0.0	0.0	0.0	0.0	0.0	0.0	0.0	0.0	0.0	0.0	0.0	0.0	0.0	0.0	0.0	0.0	0.0	0.0	0.0	0.0	0.0	0.0	0.0	0.0	0.0	0.0	0.0	0.0	0.0	0.0	0.0	0.0	0.0	0.0	0.0	0.0	0.0	0.0	0.0	0.0	0.0	0.0	0.0	0.0	0.0	0.0	0.0	0.0	0.0	0.0	0.0	0.0	0.0	0.0	0.0	0.0	0.0	0.0	0.0	0.0	0.0	0.0	0.0	0.0	0.0	0.0	0.0	0.0	0.0	0.0	0.0	0.0	0.0	0.0	0.0	0.0	0.0	0.0	0.0	0.0	0.0	0.0	0.0	0.0	0.0	0.0	0.0	0.0
k__Bacteria;p__OP3;c__	0.0	0.0	0.0	0.0	0.0	0.0	0.0	0.0	0.0	0.0	0.0	0.0	0.0	0.0	0.0	0.0	0.0	0.0	0.0	0.0	0.0	0.0	0.0	0.0	0.0	0.0	0.0	0.0	0.0	0.0	0.0	0.0	0.0	0.0	0.0	0.0	0.0	0.0	0.0	0.0	0.0	0.0	0.0	0.0	0.0	0.0	0.0	0.0	0.0	0.0	0.0	0.0	0.0	0.0	0.0	0.0	0.0	0.0	0.0	0.0	0.0	0.0	0.0	0.0	0.0	0.0	0.0	0.0	0.0	0.0	0.0	0.0	0.0	0.0	0.0	0.0	0.0	0.0	0.0	0.0	0.0	0.0	0.0	0.0	0.0	0.0	0.0	0.0	0.0	0.0	0.0	0.0	0.0	0.0	0.0	0.0	0.0	0.0	0.0	0.0	0.0	0.0	0.0	0.0	0.0	0.0	0.0	0.0	0.0	0.0	0.0	0.0	0.0	0.0	0.0	0.0	0.0	0.0	0.0	0.0	0.0	0.0	0.0	0.0	0.0	0.0	0.0	0.0	0.0	0.0	0.0	0.0	0.0
k__Bacteria;p__OP8;c__OP8	0.0	0.0	0.0	0.0	0.0	0.0	0.0	0.0	0.0	0.0	0.0	0.0	0.0	0.0	0.0	0.0	0.0	0.0	0.0	0.0	0.0	0.0	0.0	0.0	0.0	0.0	0.0	0.0	0.0	0.0	0.0	0.0	0.0	0.0	0.0	0.0	0.0	0.0	0.0	0.0	0.0	0.0	0.0	0.0	0.0	0.0	0.0	0.0	0.0	0.0	0.0	0.0	0.0	0.0	0.0	0.0	0.0	0.0	0.0	0.0	0.0	0.0	0.0	0.0	0.0	0.0	0.0	0.0	0.0	0.0	0.0	0.0	0.0	0.0	0.0	0.0	0.0	0.0	0.0	0.0	0.0	0.0	0.0	0.0	0.0	0.0	0.0	0.0	0.0	0.0	0.0	0.0	0.0	0.0	0.0	0.0	0.0	0.0	0.0	0.0	0.0	0.0	0.0	0.0	0.0	0.0	0.0	0.0	0.0	0.0	0.0	0.0	0.0	0.0	0.0	0.0	0.0	0.0	0.0	0.0	0.0	0.0	0.0	0.0	0.0	0.0	0.0	0.0	0.0	0.0	0.0	0.0	0.0
k__Bacteria;p__Planctomycetes;c__FFCH393	0.0	0.0	0.0	0.0	0.0	2.0	0.0	0.0	0.0	0.0	0.0	0.0	0.0	0.0	0.0	0.0	0.0	0.0	0.0	0.0	0.0	0.0	0.0	0.0	0.0	0.0	0.0	2.0	0.0	0.0	0.0	0.0	0.0	0.0	0.0	0.0	1.0	2.0	0.0	4.0	0.0	3.0	0.0	0.0	0.0	0.0	4.0	2.0	0.0	0.0	0.0	0.0	0.0	3.0	0.0	0.0	0.0	0.0	0.0	0.0	1.0	0.0	0.0	0.0	0.0	0.0	0.0	1.0	0.0	0.0	0.0	0.0	1.0	3.0	4.0	4.0	0.0	0.0	3.0	1.0	2.0	0.0	0.0	0.0	1.0	0.0	5.0	0.0	3.0	0.0	1.0	1.0	0.0	0.0	0.0	3.0	1.0	4.0	0.0	0.0	0.0	1.0	0.0	0.0	0.0	0.0	1.0	1.0	1.0	10.0	2.0	1.0	1.0	0.0	0.0	0.0	4.0	0.0	1.0	1.0	2.0	0.0	0.0	0.0	5.0	0.0	1.0	0.0	0.0	2.0	1.0	0.0	0.0
k__Bacteria;p__Planctomycetes;c__Kueneniae	0.0	0.0	0.0	0.0	0.0	0.0	0.0	0.0	0.0	0.0	0.0	0.0	0.0	0.0	0.0	0.0	0.0	0.0	0.0	0.0	0.0	0.0	0.0	0.0	0.0	0.0	0.0	0.0	0.0	0.0	0.0	0.0	0.0	0.0	0.0	0.0	0.0	0.0	0.0	0.0	0.0	0.0	0.0	0.0	0.0	0.0	0.0	0.0	0.0	0.0	0.0	0.0	0.0	0.0	0.0	0.0	0.0	0.0	0.0	0.0	0.0	0.0	0.0	0.0	0.0	0.0	0.0	0.0	0.0	0.0	0.0	0.0	0.0	0.0	0.0	0.0	0.0	0.0	0.0	0.0	0.0	0.0	0.0	0.0	0.0	0.0	0.0	0.0	0.0	0.0	0.0	0.0	0.0	0.0	0.0	0.0	0.0	0.0	0.0	0.0	0.0	0.0	0.0	0.0	0.0	0.0	0.0	0.0	0.0	0.0	0.0	0.0	0.0	0.0	0.0	0.0	0.0	0.0	0.0	0.0	0.0	0.0	0.0	0.0	0.0	0.0	0.0	0.0	0.0	0.0	0.0	0.0	0.0
k__Bacteria;p__Planctomycetes;c__PW285	0.0	0.0	0.0	0.0	0.0	0.0	0.0	0.0	0.0	0.0	0.0	0.0	0.0	0.0	0.0	0.0	0.0	0.0	0.0	0.0	0.0	0.0	0.0	0.0	0.0	0.0	0.0	0.0	0.0	0.0	0.0	0.0	0.0	0.0	0.0	0.0	0.0	0.0	0.0	0.0	0.0	0.0	0.0	0.0	0.0	0.0	0.0	0.0	0.0	0.0	0.0	0.0	0.0	0.0	0.0	0.0	0.0	0.0	0.0	0.0	0.0	0.0	0.0	6.0	0.0	0.0	0.0	0.0	0.0	0.0	0.0	0.0	0.0	0.0	0.0	0.0	0.0	0.0	0.0	0.0	0.0	0.0	0.0	0.0	0.0	0.0	0.0	0.0	0.0	0.0	0.0	0.0	0.0	0.0	0.0	0.0	0.0	0.0	0.0	0.0	0.0	0.0	0.0	0.0	0.0	0.0	0.0	0.0	0.0	0.0	0.0	0.0	0.0	0.0	0.0	0.0	0.0	0.0	0.0	0.0	0.0	0.0	0.0	0.0	0.0	0.0	0.0	0.0	0.0	0.0	0.0	0.0	0.0
k__Bacteria;p__Planctomycetes;c__Phycisphaerae	16.0	19.0	0.0	6.0	36.0	14.0	15.0	7.0	1.0	18.0	16.0	4.0	2.0	10.0	4.0	7.0	1.0	18.0	5.0	13.0	0.0	2.0	1.0	2.0	2.0	4.0	6.0	6.0	0.0	7.0	0.0	11.0	7.0	0.0	2.0	1.0	8.0	5.0	7.0	3.0	3.0	10.0	13.0	0.0	4.0	9.0	2.0	2.0	5.0	9.0	2.0	0.0	18.0	9.0	5.0	16.0	3.0	7.0	9.0	7.0	13.0	5.0	2.0	0.0	0.0	11.0	5.0	54.0	22.0	5.0	2.0	5.0	22.0	13.0	14.0	15.0	7.0	0.0	28.0	11.0	6.0	15.0	1.0	15.0	8.0	14.0	32.0	42.0	4.0	30.0	15.0	8.0	3.0	9.0	7.0	13.0	11.0	22.0	0.0	3.0	11.0	25.0	9.0	7.0	1.0	0.0	8.0	37.0	46.0	15.0	28.0	11.0	5.0	1.0	34.0	5.0	51.0	19.0	6.0	9.0	32.0	8.0	10.0	1.0	23.0	7.0	4.0	8.0	6.0	17.0	5.0	2.0	9.0
k__Bacteria;p__Planctomycetes;c__Planctomycea	12.0	20.0	21.0	6.0	21.0	19.0	4.0	2.0	3.0	17.0	11.0	2.0	7.0	10.0	1.0	6.0	3.0	16.0	5.0	11.0	0.0	1.0	1.0	4.0	8.0	18.0	7.0	12.0	0.0	10.0	5.0	7.0	3.0	14.0	4.0	1.0	7.0	6.0	12.0	16.0	8.0	17.0	14.0	6.0	3.0	34.0	7.0	4.0	5.0	9.0	6.0	6.0	27.0	10.0	8.0	31.0	2.0	3.0	24.0	12.0	42.0	15.0	0.0	13.0	4.0	15.0	12.0	91.0	22.0	11.0	22.0	2.0	32.0	24.0	32.0	38.0	0.0	2.0	36.0	12.0	7.0	46.0	16.0	20.0	9.0	19.0	24.0	23.0	6.0	7.0	19.0	7.0	2.0	11.0	19.0	19.0	11.0	29.0	20.0	17.0	13.0	27.0	9.0	7.0	1.0	0.0	3.0	107.0	66.0	35.0	54.0	27.0	10.0	6.0	35.0	49.0	90.0	8.0	5.0	13.0	19.0	8.0	8.0	12.0	55.0	16.0	9.0	15.0	15.0	4.0	15.0	10.0	23.0
k__Bacteria;p__Planctomycetes;c__agg27	0.0	1.0	0.0	0.0	0.0	1.0	0.0	0.0	0.0	0.0	0.0	0.0	0.0	0.0	0.0	0.0	0.0	2.0	0.0	0.0	0.0	0.0	0.0	0.0	0.0	0.0	0.0	0.0	0.0	0.0	0.0	0.0	0.0	0.0	0.0	0.0	0.0	0.0	0.0	0.0	0.0	0.0	0.0	1.0	0.0	0.0	0.0	0.0	0.0	0.0	0.0	0.0	0.0	0.0	1.0	1.0	0.0	0.0	0.0	0.0	1.0	0.0	0.0	0.0	0.0	0.0	0.0	2.0	0.0	0.0	0.0	0.0	1.0	1.0	0.0	1.0	0.0	0.0	2.0	0.0	0.0	0.0	0.0	0.0	0.0	0.0	0.0	2.0	1.0	0.0	0.0	0.0	0.0	0.0	0.0	0.0	0.0	0.0	0.0	0.0	2.0	0.0	0.0	2.0	0.0	0.0	0.0	0.0	0.0	0.0	0.0	0.0	0.0	0.0	0.0	0.0	0.0	0.0	0.0	1.0	0.0	0.0	1.0	0.0	0.0	2.0	0.0	0.0	0.0	0.0	0.0	0.0	0.0
k__Bacteria;p__Planctomycetes;c__vadinHA49	0.0	0.0	0.0	0.0	0.0	0.0	0.0	0.0	0.0	0.0	0.0	0.0	0.0	0.0	0.0	0.0	0.0	0.0	0.0	0.0	0.0	0.0	0.0	0.0	1.0	0.0	0.0	0.0	0.0	0.0	0.0	0.0	0.0	0.0	0.0	0.0	0.0	0.0	0.0	0.0	0.0	0.0	0.0	0.0	0.0	0.0	0.0	0.0	0.0	0.0	0.0	0.0	1.0	0.0	0.0	0.0	0.0	0.0	0.0	0.0	0.0	0.0	0.0	0.0	0.0	0.0	0.0	5.0	0.0	0.0	3.0	0.0	0.0	0.0	1.0	1.0	0.0	0.0	1.0	0.0	0.0	0.0	0.0	0.0	0.0	2.0	2.0	0.0	0.0	0.0	0.0	0.0	0.0	0.0	0.0	0.0	1.0	3.0	0.0	0.0	1.0	3.0	0.0	0.0	0.0	0.0	0.0	0.0	0.0	0.0	0.0	0.0	0.0	0.0	0.0	0.0	0.0	0.0	0.0	1.0	0.0	0.0	0.0	0.0	1.0	0.0	2.0	0.0	0.0	0.0	1.0	0.0	0.0
k__Bacteria;p__Proteobacteria;c__Alphaproteobacteria	1262.0	2292.0	1666.0	786.0	2478.0	1456.0	3728.0	1977.0	527.0	2094.0	2300.0	368.0	1886.0	947.0	1740.0	3255.0	506.0	1834.0	798.0	1918.0	755.0	501.0	956.0	1034.0	1202.0	2884.0	2066.0	1206.0	721.0	1548.0	1096.0	2091.0	836.0	684.0	714.0	387.0	1443.0	1077.0	925.0	1579.0	2395.0	1944.0	1429.0	644.0	782.0	2579.0	621.0	443.0	917.0	1357.0	788.0	709.0	1987.0	1135.0	1783.0	1711.0	1061.0	847.0	2404.0	1762.0	2409.0	837.0	411.0	949.0	793.0	1386.0	929.0	4911.0	2323.0	1102.0	2126.0	792.0	2291.0	1707.0	1424.0	1925.0	545.0	555.0	3120.0	1342.0	838.0	2568.0	718.0	2013.0	968.0	1407.0	2568.0	1249.0	1995.0	2085.0	1926.0	1545.0	190.0	1094.0	1150.0	1563.0	986.0	1603.0	1004.0	972.0	1086.0	1734.0	1443.0	1056.0	669.0	1228.0	885.0	2790.0	5142.0	2345.0	1922.0	1108.0	1301.0	6877.0	2264.0	2852.0	6532.0	1435.0	793.0	1154.0	2185.0	809.0	1305.0	1635.0	3592.0	1250.0	1535.0	2070.0	2112.0	2559.0	2027.0	1191.0	2261.0
k__Bacteria;p__Proteobacteria;c__Betaproteobacteria	2103.0	2670.0	1613.0	1044.0	2927.0	1302.0	2491.0	1535.0	848.0	2213.0	2629.0	1850.0	1661.0	1699.0	1796.0	1517.0	958.0	1900.0	1266.0	2124.0	904.0	1778.0	1673.0	2200.0	2021.0	954.0	1522.0	1650.0	818.0	1325.0	791.0	1813.0	1327.0	1377.0	2367.0	914.0	2809.0	1471.0	1449.0	1991.0	2706.0	9344.0	2052.0	1599.0	1284.0	1646.0	3252.0	2521.0	2253.0	1352.0	1210.0	1091.0	1069.0	1221.0	1491.0	2827.0	865.0	1323.0	1173.0	1100.0	1319.0	1087.0	1311.0	1060.0	1375.0	1983.0	984.0	1929.0	1325.0	1096.0	1617.0	976.0	2358.0	1949.0	1503.0	2668.0	661.0	1072.0	1533.0	2720.0	1239.0	2177.0	1915.0	2343.0	1472.0	2451.0	2870.0	1760.0	2112.0	1835.0	1447.0	1184.0	746.0	1927.0	1988.0	1322.0	1750.0	1816.0	1433.0	1831.0	1188.0	2235.0	957.0	814.0	695.0	1093.0	1219.0	2101.0	4048.0	1836.0	3718.0	1622.0	1017.0	1206.0	2364.0	2846.0	6582.0	1903.0	1975.0	3389.0	2403.0	3653.0	2466.0	3902.0	3318.0	1435.0	1886.0	1694.0	2341.0	3485.0	2134.0	1030.0	2453.0
k__Bacteria;p__Proteobacteria;c__Deltaproteobacteria	65.0	119.0	32.0	14.0	214.0	50.0	63.0	43.0	11.0	47.0	88.0	15.0	31.0	29.0	19.0	43.0	12.0	34.0	23.0	41.0	15.0	13.0	19.0	24.0	37.0	52.0	39.0	46.0	22.0	30.0	17.0	31.0	18.0	2.0	7.0	12.0	45.0	22.0	46.0	51.0	10.0	45.0	37.0	29.0	28.0	101.0	35.0	14.0	22.0	35.0	15.0	18.0	62.0	37.0	32.0	76.0	14.0	17.0	69.0	41.0	158.0	38.0	30.0	9.0	19.0	66.0	40.0	238.0	76.0	26.0	70.0	24.0	78.0	95.0	66.0	96.0	18.0	12.0	153.0	55.0	25.0	77.0	10.0	98.0	58.0	92.0	161.0	68.0	57.0	80.0	107.0	47.0	10.0	53.0	64.0	64.0	53.0	99.0	59.0	107.0	63.0	81.0	51.0	65.0	20.0	28.0	42.0	120.0	217.0	101.0	146.0	64.0	57.0	28.0	68.0	222.0	342.0	57.0	31.0	31.0	102.0	29.0	66.0	126.0	127.0	28.0	74.0	79.0	119.0	94.0	73.0	34.0	115.0
k__Bacteria;p__Proteobacteria;c__Epsilonproteobacteria	118.0	123.0	45.0	45.0	21.0	26.0	58.0	40.0	65.0	57.0	55.0	37.0	43.0	54.0	84.0	31.0	19.0	45.0	59.0	19.0	47.0	59.0	32.0	71.0	69.0	13.0	24.0	39.0	54.0	146.0	4.0	41.0	32.0	52.0	7.0	139.0	39.0	56.0	46.0	47.0	57.0	57.0	79.0	1544.0	66.0	18.0	181.0	89.0	65.0	47.0	44.0	16.0	13.0	17.0	20.0	349.0	31.0	19.0	14.0	36.0	40.0	37.0	171.0	41.0	79.0	59.0	18.0	26.0	28.0	28.0	46.0	39.0	81.0	45.0	88.0	47.0	52.0	44.0	17.0	81.0	28.0	59.0	29.0	59.0	77.0	86.0	61.0	23.0	31.0	55.0	32.0	145.0	87.0	154.0	79.0	50.0	59.0	67.0	64.0	84.0	32.0	51.0	30.0	18.0	27.0	9.0	31.0	29.0	21.0	43.0	34.0	35.0	14.0	9.0	24.0	22.0	44.0	37.0	37.0	67.0	18.0	48.0	50.0	95.0	47.0	29.0	33.0	28.0	19.0	43.0	52.0	27.0	28.0
k__Bacteria;p__Proteobacteria;c__Gammaproteobacteria	4372.0	5648.0	7821.0	3132.0	7371.0	2772.0	4907.0	4903.0	5806.0	4428.0	4554.0	2074.0	3782.0	9133.0	6675.0	13873.0	10103.0	7076.0	5596.0	14249.0	5518.0	5216.0	9906.0	6068.0	14223.0	3167.0	14480.0	2941.0	3525.0	7203.0	5064.0	12148.0	11675.0	10065.0	10337.0	2878.0	7519.0	6700.0	6176.0	9443.0	4942.0	8094.0	6602.0	5714.0	5277.0	5721.0	6838.0	5585.0	6118.0	7009.0	5276.0	7050.0	6187.0	9239.0	9195.0	5886.0	7612.0	7432.0	3436.0	4364.0	2935.0	3184.0	1888.0	5442.0	3315.0	6367.0	1607.0	3906.0	9497.0	10836.0	3673.0	4593.0	6607.0	5256.0	3914.0	8298.0	1436.0	2984.0	2702.0	3733.0	2497.0	4049.0	1639.0	4251.0	3393.0	5639.0	8643.0	4169.0	5959.0	6365.0	4974.0	2481.0	4314.0	3864.0	4908.0	6550.0	3771.0	4641.0	6194.0	5200.0	11526.0	4641.0	3142.0	9569.0	12445.0	6358.0	7225.0	4331.0	5932.0	5232.0	4239.0	3320.0	6206.0	6098.0	4704.0	7156.0	11258.0	4298.0	4646.0	9198.0	4990.0	5290.0	8155.0	8521.0	13262.0	5233.0	4846.0	4759.0	7277.0	5115.0	4654.0	5571.0	4746.0
k__Bacteria;p__SC3;c__	0.0	0.0	0.0	0.0	0.0	0.0	0.0	0.0	0.0	0.0	1.0	0.0	0.0	0.0	0.0	0.0	0.0	0.0	0.0	0.0	0.0	0.0	0.0	0.0	0.0	0.0	0.0	0.0	0.0	0.0	0.0	0.0	0.0	0.0	0.0	0.0	0.0	0.0	0.0	0.0	0.0	0.0	0.0	0.0	0.0	0.0	0.0	0.0	0.0	0.0	0.0	0.0	0.0	0.0	0.0	0.0	0.0	0.0	0.0	0.0	0.0	0.0	0.0	0.0	0.0	0.0	0.0	0.0	0.0	0.0	0.0	0.0	0.0	0.0	0.0	0.0	0.0	0.0	0.0	0.0	0.0	0.0	0.0	0.0	0.0	1.0	0.0	0.0	0.0	0.0	0.0	0.0	0.0	0.0	0.0	0.0	0.0	0.0	0.0	0.0	0.0	0.0	0.0	0.0	0.0	0.0	0.0	0.0	0.0	0.0	0.0	2.0	0.0	0.0	0.0	0.0	0.0	0.0	0.0	1.0	0.0	0.0	0.0	0.0	0.0	0.0	0.0	0.0	0.0	0.0	0.0	0.0	0.0
k__Bacteria;p__SC4;c__	6.0	21.0	10.0	2.0	0.0	11.0	20.0	8.0	4.0	11.0	6.0	1.0	5.0	3.0	0.0	3.0	0.0	4.0	3.0	8.0	1.0	1.0	8.0	2.0	2.0	11.0	10.0	1.0	3.0	3.0	2.0	2.0	0.0	0.0	0.0	0.0	7.0	3.0	1.0	4.0	0.0	1.0	2.0	1.0	2.0	5.0	1.0	2.0	0.0	1.0	1.0	15.0	8.0	4.0	10.0	4.0	4.0	3.0	13.0	2.0	8.0	1.0	0.0	4.0	2.0	3.0	2.0	9.0	4.0	9.0	18.0	0.0	3.0	7.0	1.0	2.0	2.0	5.0	12.0	7.0	5.0	8.0	0.0	6.0	1.0	5.0	5.0	5.0	2.0	7.0	17.0	9.0	0.0	7.0	5.0	11.0	0.0	6.0	4.0	7.0	4.0	8.0	4.0	4.0	2.0	2.0	6.0	12.0	12.0	2.0	6.0	7.0	4.0	2.0	5.0	9.0	9.0	4.0	0.0	0.0	8.0	1.0	2.0	1.0	2.0	1.0	4.0	3.0	2.0	10.0	6.0	4.0	3.0
k__Bacteria;p__SPAM;c__	1.0	3.0	0.0	0.0	0.0	0.0	0.0	0.0	0.0	4.0	0.0	0.0	0.0	1.0	0.0	0.0	0.0	0.0	1.0	0.0	0.0	0.0	0.0	4.0	0.0	0.0	0.0	0.0	0.0	0.0	0.0	2.0	0.0	0.0	3.0	0.0	0.0	1.0	1.0	0.0	0.0	3.0	2.0	3.0	1.0	2.0	0.0	0.0	0.0	0.0	0.0	0.0	3.0	2.0	0.0	1.0	0.0	0.0	1.0	1.0	0.0	2.0	0.0	0.0	0.0	3.0	2.0	4.0	4.0	0.0	0.0	0.0	5.0	2.0	4.0	1.0	1.0	1.0	2.0	0.0	2.0	0.0	0.0	12.0	1.0	2.0	2.0	5.0	1.0	0.0	1.0	0.0	0.0	0.0	1.0	1.0	0.0	3.0	1.0	0.0	2.0	1.0	0.0	0.0	0.0	0.0	1.0	6.0	1.0	0.0	3.0	3.0	1.0	1.0	0.0	0.0	0.0	0.0	0.0	0.0	4.0	0.0	0.0	0.0	5.0	0.0	1.0	1.0	1.0	2.0	0.0	3.0	0.0
k__Bacteria;p__SR1;c__	3.0	17.0	0.0	1.0	0.0	4.0	2.0	0.0	3.0	8.0	13.0	3.0	0.0	4.0	0.0	1.0	1.0	1.0	1.0	0.0	2.0	3.0	0.0	1.0	10.0	1.0	6.0	1.0	0.0	10.0	1.0	5.0	5.0	0.0	3.0	5.0	1.0	0.0	7.0	1.0	0.0	3.0	14.0	6.0	7.0	1.0	13.0	6.0	14.0	5.0	0.0	0.0	0.0	5.0	18.0	4.0	1.0	28.0	5.0	5.0	4.0	6.0	0.0	2.0	0.0	8.0	0.0	9.0	2.0	10.0	2.0	11.0	9.0	5.0	5.0	13.0	7.0	10.0	7.0	5.0	2.0	0.0	0.0	17.0	7.0	7.0	7.0	0.0	4.0	3.0	5.0	2.0	6.0	16.0	8.0	4.0	3.0	8.0	4.0	3.0	2.0	6.0	2.0	5.0	0.0	6.0	0.0	0.0	0.0	1.0	7.0	6.0	0.0	0.0	0.0	4.0	9.0	3.0	5.0	3.0	1.0	4.0	6.0	11.0	5.0	1.0	2.0	4.0	5.0	0.0	0.0	1.0	7.0
k__Bacteria;p__Spirochaetes;c__Brachyspirae	0.0	0.0	0.0	0.0	0.0	0.0	0.0	0.0	0.0	0.0	0.0	0.0	0.0	0.0	0.0	0.0	0.0	0.0	0.0	0.0	0.0	0.0	0.0	0.0	0.0	0.0	0.0	0.0	0.0	0.0	0.0	0.0	0.0	0.0	0.0	0.0	0.0	0.0	0.0	0.0	0.0	0.0	0.0	0.0	0.0	0.0	0.0	0.0	0.0	0.0	0.0	0.0	0.0	0.0	0.0	0.0	0.0	0.0	0.0	0.0	0.0	0.0	0.0	0.0	0.0	0.0	0.0	0.0	0.0	0.0	0.0	0.0	0.0	0.0	0.0	0.0	0.0	0.0	0.0	0.0	0.0	0.0	0.0	0.0	0.0	0.0	0.0	0.0	0.0	0.0	0.0	0.0	0.0	0.0	0.0	0.0	0.0	0.0	0.0	0.0	0.0	0.0	0.0	0.0	0.0	0.0	0.0	0.0	0.0	0.0	0.0	0.0	0.0	0.0	0.0	0.0	0.0	0.0	0.0	0.0	0.0	0.0	0.0	0.0	0.0	0.0	0.0	0.0	0.0	0.0	0.0	0.0	0.0
k__Bacteria;p__Spirochaetes;c__Leptospirae	0.0	0.0	0.0	0.0	0.0	0.0	0.0	0.0	0.0	0.0	0.0	0.0	0.0	0.0	0.0	0.0	0.0	0.0	0.0	0.0	0.0	0.0	0.0	0.0	0.0	0.0	0.0	0.0	0.0	0.0	0.0	0.0	0.0	0.0	0.0	0.0	0.0	0.0	0.0	0.0	0.0	0.0	0.0	0.0	0.0	0.0	0.0	0.0	0.0	0.0	0.0	0.0	0.0	0.0	0.0	0.0	0.0	0.0	0.0	0.0	0.0	0.0	0.0	0.0	0.0	0.0	0.0	0.0	0.0	0.0	0.0	0.0	0.0	0.0	0.0	0.0	0.0	0.0	0.0	0.0	0.0	0.0	0.0	0.0	0.0	0.0	0.0	0.0	0.0	0.0	0.0	0.0	0.0	0.0	0.0	0.0	0.0	0.0	0.0	0.0	0.0	0.0	0.0	0.0	0.0	0.0	0.0	0.0	0.0	1.0	0.0	0.0	0.0	0.0	0.0	0.0	0.0	0.0	0.0	0.0	0.0	0.0	0.0	0.0	0.0	0.0	0.0	0.0	0.0	0.0	0.0	0.0	0.0
k__Bacteria;p__Spirochaetes;c__SP_WWE1	0.0	0.0	0.0	0.0	0.0	0.0	0.0	0.0	0.0	0.0	0.0	0.0	0.0	0.0	0.0	0.0	0.0	0.0	0.0	0.0	0.0	0.0	0.0	0.0	0.0	0.0	0.0	0.0	0.0	0.0	0.0	0.0	0.0	0.0	0.0	0.0	0.0	0.0	0.0	0.0	0.0	0.0	0.0	0.0	0.0	0.0	0.0	0.0	0.0	0.0	0.0	0.0	0.0	0.0	0.0	0.0	0.0	0.0	0.0	0.0	0.0	0.0	0.0	0.0	0.0	0.0	0.0	0.0	0.0	0.0	0.0	0.0	0.0	0.0	0.0	0.0	0.0	0.0	0.0	0.0	0.0	0.0	0.0	0.0	0.0	0.0	0.0	0.0	0.0	0.0	0.0	0.0	0.0	0.0	0.0	0.0	0.0	0.0	0.0	0.0	0.0	0.0	0.0	0.0	0.0	0.0	0.0	0.0	0.0	0.0	0.0	0.0	0.0	0.0	0.0	0.0	0.0	0.0	0.0	0.0	0.0	0.0	0.0	0.0	0.0	0.0	0.0	0.0	0.0	0.0	0.0	0.0	0.0
k__Bacteria;p__Spirochaetes;c__Spirochaetes (class)	43.0	42.0	7.0	13.0	0.0	15.0	2.0	14.0	14.0	35.0	170.0	21.0	17.0	20.0	22.0	14.0	4.0	38.0	20.0	3.0	17.0	38.0	11.0	6.0	80.0	6.0	17.0	24.0	26.0	18.0	17.0	50.0	30.0	29.0	9.0	17.0	14.0	7.0	19.0	70.0	4.0	2.0	30.0	52.0	32.0	6.0	31.0	42.0	59.0	51.0	0.0	0.0	20.0	6.0	5.0	31.0	3.0	5.0	7.0	10.0	14.0	24.0	66.0	46.0	8.0	35.0	6.0	8.0	18.0	1.0	18.0	21.0	116.0	14.0	104.0	59.0	15.0	10.0	9.0	12.0	18.0	46.0	2.0	110.0	14.0	93.0	45.0	40.0	18.0	22.0	16.0	14.0	5.0	83.0	131.0	26.0	40.0	70.0	67.0	36.0	30.0	25.0	4.0	15.0	24.0	1.0	18.0	7.0	3.0	14.0	8.0	17.0	10.0	6.0	66.0	12.0	19.0	14.0	16.0	5.0	1.0	5.0	15.0	78.0	22.0	20.0	16.0	10.0	2.0	20.0	8.0	8.0	10.0
k__Bacteria;p__Synergistetes;c__Synergistia	7.0	2.0	0.0	1.0	0.0	1.0	0.0	3.0	4.0	24.0	5.0	1.0	1.0	2.0	1.0	3.0	1.0	4.0	1.0	0.0	1.0	3.0	4.0	6.0	2.0	0.0	0.0	3.0	18.0	4.0	17.0	0.0	3.0	0.0	0.0	4.0	2.0	4.0	7.0	4.0	1.0	0.0	8.0	3.0	9.0	0.0	0.0	3.0	2.0	7.0	0.0	0.0	3.0	0.0	0.0	4.0	0.0	0.0	1.0	0.0	0.0	0.0	0.0	0.0	1.0	5.0	4.0	0.0	4.0	7.0	0.0	1.0	4.0	0.0	8.0	0.0	0.0	0.0	1.0	1.0	0.0	1.0	0.0	6.0	3.0	16.0	0.0	0.0	2.0	2.0	0.0	0.0	1.0	9.0	24.0	0.0	8.0	7.0	1.0	6.0	4.0	2.0	4.0	1.0	0.0	0.0	3.0	1.0	0.0	0.0	0.0	2.0	1.0	0.0	0.0	0.0	0.0	2.0	5.0	0.0	3.0	0.0	4.0	20.0	10.0	2.0	4.0	1.0	0.0	8.0	0.0	2.0	0.0
k__Bacteria;p__TM6;c__	0.0	0.0	0.0	0.0	0.0	0.0	0.0	0.0	0.0	0.0	0.0	0.0	0.0	2.0	0.0	0.0	0.0	0.0	0.0	0.0	0.0	0.0	0.0	0.0	0.0	0.0	0.0	0.0	0.0	0.0	0.0	0.0	1.0	0.0	0.0	0.0	0.0	0.0	0.0	0.0	0.0	0.0	0.0	0.0	0.0	0.0	0.0	0.0	0.0	0.0	0.0	0.0	0.0	0.0	0.0	0.0	0.0	0.0	0.0	0.0	0.0	0.0	0.0	0.0	0.0	0.0	0.0	0.0	0.0	0.0	0.0	0.0	0.0	0.0	0.0	1.0	0.0	0.0	0.0	0.0	0.0	0.0	0.0	0.0	0.0	0.0	0.0	0.0	0.0	0.0	0.0	0.0	0.0	0.0	0.0	0.0	0.0	0.0	0.0	0.0	0.0	0.0	0.0	0.0	0.0	0.0	0.0	0.0	0.0	0.0	0.0	0.0	0.0	0.0	0.0	0.0	0.0	0.0	0.0	1.0	0.0	0.0	0.0	0.0	0.0	0.0	0.0	0.0	0.0	0.0	0.0	0.0	0.0
k__Bacteria;p__TM7;c__	0.0	0.0	0.0	0.0	0.0	0.0	0.0	0.0	0.0	0.0	0.0	0.0	0.0	0.0	0.0	0.0	0.0	0.0	0.0	0.0	0.0	0.0	0.0	0.0	0.0	0.0	0.0	0.0	0.0	0.0	0.0	0.0	0.0	0.0	0.0	0.0	0.0	0.0	0.0	0.0	0.0	0.0	0.0	0.0	0.0	0.0	0.0	0.0	0.0	0.0	0.0	0.0	0.0	0.0	0.0	0.0	0.0	0.0	0.0	0.0	0.0	0.0	0.0	0.0	0.0	0.0	0.0	0.0	0.0	0.0	0.0	0.0	0.0	0.0	0.0	0.0	0.0	0.0	0.0	0.0	0.0	0.0	0.0	0.0	0.0	0.0	0.0	0.0	0.0	0.0	0.0	0.0	0.0	0.0	0.0	0.0	0.0	0.0	0.0	0.0	0.0	0.0	0.0	0.0	0.0	0.0	0.0	0.0	0.0	0.0	0.0	0.0	0.0	0.0	0.0	0.0	0.0	0.0	0.0	0.0	0.0	0.0	0.0	0.0	0.0	0.0	0.0	0.0	0.0	0.0	0.0	0.0	0.0
k__Bacteria;p__TM7;c__TM7-1	0.0	0.0	0.0	0.0	0.0	0.0	0.0	0.0	0.0	0.0	0.0	0.0	0.0	0.0	0.0	0.0	0.0	0.0	0.0	0.0	0.0	0.0	0.0	0.0	0.0	0.0	0.0	0.0	0.0	0.0	0.0	0.0	0.0	0.0	0.0	0.0	0.0	0.0	0.0	0.0	0.0	0.0	0.0	0.0	0.0	0.0	0.0	0.0	0.0	0.0	0.0	0.0	0.0	0.0	0.0	0.0	0.0	0.0	0.0	0.0	0.0	0.0	0.0	0.0	0.0	0.0	0.0	1.0	0.0	0.0	0.0	0.0	0.0	0.0	0.0	0.0	0.0	0.0	1.0	0.0	0.0	0.0	0.0	0.0	0.0	0.0	0.0	0.0	0.0	0.0	0.0	0.0	0.0	0.0	0.0	0.0	1.0	0.0	0.0	0.0	0.0	0.0	0.0	0.0	0.0	0.0	0.0	0.0	0.0	0.0	0.0	0.0	0.0	0.0	0.0	0.0	0.0	0.0	0.0	0.0	0.0	0.0	0.0	0.0	0.0	0.0	0.0	0.0	0.0	0.0	0.0	0.0	0.0
k__Bacteria;p__TM7;c__TM7-3	0.0	3.0	0.0	1.0	0.0	0.0	0.0	0.0	1.0	4.0	2.0	0.0	0.0	6.0	1.0	0.0	0.0	0.0	0.0	0.0	0.0	0.0	0.0	0.0	0.0	0.0	3.0	1.0	0.0	1.0	0.0	0.0	0.0	0.0	0.0	1.0	2.0	0.0	3.0	0.0	0.0	0.0	4.0	0.0	1.0	0.0	2.0	3.0	1.0	2.0	1.0	1.0	0.0	2.0	1.0	0.0	0.0	0.0	0.0	1.0	0.0	2.0	0.0	0.0	2.0	0.0	0.0	1.0	1.0	0.0	5.0	0.0	1.0	0.0	1.0	1.0	2.0	0.0	0.0	0.0	1.0	2.0	2.0	3.0	3.0	2.0	0.0	0.0	0.0	0.0	1.0	2.0	8.0	1.0	1.0	0.0	0.0	0.0	6.0	0.0	1.0	2.0	0.0	0.0	0.0	1.0	0.0	0.0	2.0	0.0	0.0	1.0	1.0	1.0	0.0	0.0	1.0	0.0	1.0	0.0	2.0	2.0	0.0	0.0	1.0	1.0	1.0	0.0	0.0	5.0	4.0	1.0	1.0
k__Bacteria;p__Tenericutes;c__	0.0	0.0	0.0	0.0	0.0	0.0	0.0	0.0	0.0	0.0	0.0	0.0	0.0	0.0	0.0	0.0	0.0	0.0	0.0	0.0	0.0	0.0	0.0	0.0	0.0	0.0	0.0	0.0	0.0	0.0	0.0	0.0	0.0	0.0	0.0	0.0	0.0	0.0	0.0	0.0	0.0	0.0	0.0	0.0	0.0	0.0	0.0	0.0	0.0	0.0	0.0	0.0	0.0	0.0	0.0	0.0	0.0	0.0	0.0	0.0	0.0	0.0	0.0	0.0	0.0	0.0	0.0	0.0	0.0	0.0	0.0	2.0	0.0	0.0	0.0	0.0	0.0	0.0	0.0	0.0	0.0	0.0	0.0	0.0	0.0	0.0	0.0	0.0	0.0	0.0	0.0	0.0	0.0	0.0	0.0	0.0	0.0	0.0	0.0	0.0	0.0	0.0	0.0	0.0	0.0	0.0	0.0	0.0	0.0	0.0	0.0	0.0	0.0	0.0	0.0	0.0	0.0	0.0	0.0	0.0	0.0	0.0	0.0	0.0	0.0	0.0	0.0	0.0	0.0	0.0	0.0	0.0	0.0
k__Bacteria;p__Tenericutes;c__Erysipelotrichi	196.0	202.0	75.0	95.0	69.0	37.0	58.0	52.0	17.0	57.0	60.0	28.0	73.0	50.0	29.0	13.0	7.0	196.0	42.0	6.0	108.0	265.0	29.0	64.0	69.0	31.0	87.0	373.0	81.0	42.0	51.0	99.0	42.0	93.0	35.0	25.0	84.0	40.0	72.0	245.0	25.0	13.0	92.0	191.0	110.0	142.0	276.0	184.0	196.0	105.0	17.0	0.0	48.0	19.0	47.0	379.0	43.0	46.0	26.0	41.0	95.0	32.0	61.0	43.0	40.0	69.0	25.0	53.0	42.0	26.0	48.0	15.0	121.0	248.0	90.0	42.0	23.0	23.0	25.0	651.0	461.0	222.0	20.0	165.0	69.0	135.0	248.0	128.0	162.0	46.0	78.0	916.0	35.0	1447.0	112.0	169.0	540.0	406.0	169.0	845.0	128.0	249.0	37.0	44.0	136.0	74.0	110.0	60.0	26.0	101.0	70.0	178.0	55.0	24.0	91.0	57.0	95.0	54.0	34.0	42.0	103.0	74.0	75.0	94.0	69.0	70.0	86.0	72.0	64.0	52.0	82.0	22.0	42.0
k__Bacteria;p__Tenericutes;c__ML615J-28	0.0	0.0	0.0	0.0	0.0	0.0	0.0	0.0	0.0	0.0	0.0	0.0	0.0	0.0	0.0	0.0	0.0	0.0	0.0	0.0	0.0	0.0	0.0	0.0	0.0	0.0	0.0	0.0	0.0	0.0	0.0	0.0	0.0	0.0	0.0	0.0	0.0	0.0	0.0	0.0	0.0	0.0	0.0	0.0	0.0	0.0	0.0	0.0	0.0	0.0	0.0	0.0	0.0	0.0	0.0	0.0	0.0	0.0	0.0	0.0	0.0	0.0	0.0	0.0	0.0	0.0	0.0	0.0	0.0	0.0	0.0	0.0	0.0	0.0	0.0	0.0	0.0	0.0	0.0	0.0	0.0	0.0	0.0	0.0	0.0	0.0	0.0	0.0	0.0	0.0	0.0	0.0	0.0	0.0	0.0	0.0	0.0	0.0	0.0	0.0	0.0	0.0	0.0	0.0	0.0	0.0	0.0	0.0	0.0	0.0	0.0	0.0	0.0	0.0	0.0	0.0	0.0	0.0	0.0	0.0	0.0	0.0	0.0	0.0	0.0	0.0	0.0	0.0	0.0	0.0	0.0	0.0	0.0
k__Bacteria;p__Tenericutes;c__Mollicutes	83.0	129.0	32.0	25.0	65.0	49.0	78.0	95.0	28.0	96.0	213.0	195.0	54.0	70.0	212.0	165.0	29.0	186.0	154.0	95.0	53.0	324.0	58.0	67.0	139.0	15.0	57.0	155.0	79.0	27.0	48.0	117.0	104.0	55.0	19.0	118.0	599.0	669.0	1032.0	447.0	49.0	114.0	248.0	257.0	198.0	189.0	129.0	232.0	579.0	212.0	620.0	7.0	290.0	168.0	139.0	204.0	116.0	79.0	277.0	206.0	165.0	425.0	28.0	203.0	235.0	504.0	117.0	203.0	195.0	160.0	176.0	34.0	129.0	128.0	270.0	160.0	35.0	35.0	201.0	62.0	141.0	152.0	54.0	156.0	57.0	118.0	225.0	199.0	214.0	61.0	145.0	44.0	7.0	48.0	36.0	47.0	58.0	75.0	49.0	161.0	54.0	61.0	28.0	50.0	38.0	7.0	15.0	26.0	38.0	194.0	278.0	97.0	84.0	20.0	89.0	44.0	283.0	86.0	95.0	83.0	242.0	103.0	77.0	140.0	136.0	95.0	107.0	313.0	126.0	86.0	137.0	52.0	178.0
k__Bacteria;p__Thermi;c__Deinococci	86.0	53.0	178.0	27.0	52.0	27.0	95.0	43.0	10.0	123.0	66.0	5.0	80.0	120.0	54.0	60.0	61.0	38.0	46.0	23.0	39.0	12.0	52.0	49.0	20.0	18.0	81.0	23.0	69.0	45.0	46.0	39.0	34.0	170.0	72.0	23.0	46.0	25.0	20.0	72.0	114.0	25.0	39.0	32.0	28.0	87.0	19.0	14.0	46.0	105.0	65.0	18.0	57.0	43.0	56.0	13.0	54.0	130.0	36.0	129.0	49.0	43.0	104.0	96.0	96.0	30.0	34.0	17.0	62.0	104.0	133.0	69.0	48.0	68.0	24.0	41.0	167.0	358.0	36.0	22.0	38.0	75.0	199.0	123.0	43.0	37.0	44.0	67.0	55.0	68.0	65.0	54.0	53.0	11.0	35.0	49.0	33.0	33.0	18.0	30.0	55.0	36.0	103.0	48.0	33.0	86.0	42.0	63.0	103.0	79.0	44.0	48.0	41.0	21.0	19.0	100.0	146.0	46.0	31.0	52.0	66.0	54.0	46.0	20.0	39.0	22.0	68.0	36.0	35.0	49.0	33.0	19.0	38.0
k__Bacteria;p__Thermotogae;c__Thermotogae (class)	0.0	0.0	2.0	0.0	0.0	2.0	1.0	3.0	0.0	0.0	0.0	1.0	4.0	0.0	0.0	0.0	0.0	0.0	0.0	0.0	0.0	0.0	0.0	0.0	0.0	0.0	0.0	0.0	0.0	0.0	0.0	0.0	0.0	0.0	0.0	0.0	0.0	0.0	0.0	0.0	0.0	0.0	0.0	0.0	0.0	0.0	0.0	0.0	0.0	0.0	0.0	0.0	0.0	0.0	0.0	0.0	0.0	0.0	0.0	0.0	0.0	0.0	0.0	0.0	0.0	0.0	0.0	0.0	0.0	0.0	0.0	0.0	0.0	0.0	0.0	0.0	0.0	0.0	0.0	0.0	0.0	0.0	0.0	0.0	0.0	0.0	0.0	0.0	0.0	0.0	0.0	0.0	0.0	0.0	0.0	0.0	0.0	0.0	0.0	0.0	0.0	0.0	0.0	0.0	0.0	0.0	0.0	0.0	0.0	0.0	0.0	0.0	0.0	0.0	0.0	0.0	0.0	0.0	0.0	0.0	0.0	0.0	0.0	0.0	0.0	0.0	0.0	0.0	0.0	0.0	0.0	0.0	0.0
k__Bacteria;p__Verrucomicrobia;c__	0.0	0.0	0.0	0.0	0.0	0.0	0.0	0.0	0.0	0.0	0.0	0.0	0.0	0.0	0.0	2.0	0.0	0.0	0.0	0.0	1.0	0.0	0.0	0.0	0.0	0.0	0.0	0.0	0.0	0.0	1.0	1.0	0.0	0.0	2.0	0.0	0.0	0.0	0.0	1.0	0.0	0.0	0.0	0.0	0.0	0.0	0.0	0.0	0.0	0.0	0.0	0.0	0.0	0.0	0.0	0.0	0.0	3.0	2.0	0.0	0.0	0.0	0.0	0.0	0.0	0.0	0.0	0.0	0.0	2.0	0.0	11.0	1.0	0.0	0.0	0.0	0.0	0.0	0.0	0.0	0.0	0.0	0.0	0.0	0.0	0.0	0.0	1.0	0.0	0.0	0.0	0.0	0.0	0.0	1.0	0.0	0.0	0.0	0.0	0.0	0.0	0.0	0.0	0.0	1.0	0.0	0.0	4.0	2.0	0.0	1.0	2.0	0.0	0.0	0.0	1.0	0.0	0.0	0.0	0.0	0.0	0.0	0.0	0.0	0.0	1.0	0.0	0.0	0.0	0.0	0.0	0.0	0.0
k__Bacteria;p__Verrucomicrobia;c__Opitutae	5.0	1.0	0.0	2.0	0.0	4.0	35.0	2.0	0.0	5.0	0.0	0.0	4.0	0.0	1.0	2.0	0.0	2.0	1.0	0.0	0.0	0.0	0.0	9.0	0.0	1.0	0.0	0.0	0.0	0.0	0.0	0.0	0.0	0.0	0.0	0.0	4.0	0.0	0.0	2.0	0.0	0.0	0.0	1.0	1.0	5.0	0.0	0.0	1.0	0.0	0.0	0.0	3.0	3.0	1.0	1.0	0.0	3.0	7.0	0.0	0.0	0.0	0.0	0.0	1.0	0.0	2.0	3.0	1.0	0.0	1.0	1.0	1.0	2.0	0.0	0.0	0.0	1.0	7.0	3.0	3.0	4.0	1.0	0.0	5.0	2.0	1.0	0.0	3.0	8.0	1.0	2.0	0.0	1.0	1.0	3.0	0.0	5.0	5.0	0.0	3.0	1.0	4.0	3.0	1.0	0.0	1.0	5.0	53.0	4.0	3.0	2.0	0.0	0.0	2.0	13.0	4.0	1.0	2.0	1.0	1.0	0.0	0.0	4.0	0.0	0.0	1.0	0.0	0.0	4.0	0.0	0.0	1.0
k__Bacteria;p__Verrucomicrobia;c__Spartobacteria	7.0	11.0	30.0	1.0	9.0	11.0	15.0	4.0	2.0	11.0	20.0	1.0	7.0	0.0	3.0	12.0	2.0	12.0	6.0	7.0	4.0	2.0	0.0	1.0	16.0	25.0	19.0	14.0	0.0	4.0	0.0	9.0	1.0	8.0	4.0	5.0	6.0	3.0	3.0	5.0	5.0	7.0	11.0	5.0	1.0	7.0	2.0	6.0	14.0	2.0	0.0	0.0	20.0	0.0	9.0	14.0	13.0	4.0	20.0	8.0	17.0	4.0	0.0	6.0	5.0	15.0	7.0	56.0	17.0	13.0	16.0	0.0	23.0	19.0	11.0	26.0	0.0	8.0	39.0	26.0	13.0	12.0	7.0	30.0	4.0	6.0	28.0	30.0	16.0	21.0	16.0	12.0	0.0	13.0	2.0	41.0	12.0	11.0	9.0	10.0	15.0	12.0	5.0	7.0	13.0	4.0	8.0	36.0	45.0	38.0	27.0	4.0	14.0	4.0	10.0	5.0	59.0	4.0	0.0	10.0	11.0	2.0	11.0	8.0	42.0	12.0	9.0	7.0	2.0	13.0	8.0	7.0	13.0
k__Bacteria;p__Verrucomicrobia;c__TP21	0.0	0.0	0.0	0.0	0.0	0.0	0.0	0.0	0.0	0.0	0.0	0.0	0.0	0.0	0.0	0.0	0.0	0.0	0.0	0.0	0.0	0.0	0.0	0.0	0.0	0.0	0.0	0.0	0.0	0.0	0.0	0.0	0.0	0.0	0.0	0.0	0.0	0.0	0.0	0.0	0.0	0.0	0.0	0.0	0.0	0.0	0.0	0.0	0.0	0.0	0.0	0.0	0.0	0.0	0.0	0.0	0.0	0.0	0.0	0.0	0.0	0.0	0.0	0.0	0.0	0.0	0.0	0.0	0.0	0.0	0.0	0.0	0.0	0.0	0.0	0.0	0.0	0.0	0.0	0.0	0.0	0.0	0.0	0.0	0.0	0.0	0.0	0.0	0.0	0.0	0.0	0.0	0.0	0.0	0.0	0.0	0.0	0.0	0.0	0.0	0.0	0.0	0.0	0.0	0.0	0.0	0.0	0.0	0.0	0.0	0.0	0.0	0.0	0.0	0.0	0.0	0.0	0.0	0.0	0.0	0.0	0.0	0.0	0.0	0.0	0.0	0.0	0.0	0.0	0.0	0.0	0.0	0.0
k__Bacteria;p__Verrucomicrobia;c__Verrucomicrobiae	30.0	76.0	8.0	14.0	76.0	36.0	23.0	30.0	5.0	35.0	26.0	3.0	20.0	42.0	16.0	31.0	9.0	39.0	10.0	12.0	4.0	8.0	2.0	15.0	10.0	51.0	29.0	21.0	14.0	2.0	22.0	20.0	12.0	0.0	3.0	7.0	17.0	5.0	20.0	15.0	8.0	22.0	10.0	8.0	3.0	28.0	5.0	6.0	11.0	0.0	4.0	16.0	12.0	20.0	24.0	23.0	4.0	10.0	32.0	16.0	51.0	9.0	51.0	9.0	15.0	31.0	15.0	82.0	21.0	8.0	34.0	3.0	41.0	23.0	11.0	23.0	4.0	8.0	56.0	15.0	11.0	142.0	8.0	10.0	14.0	15.0	44.0	28.0	15.0	38.0	56.0	10.0	3.0	14.0	17.0	30.0	8.0	22.0	13.0	13.0	15.0	21.0	25.0	6.0	7.0	22.0	11.0	200.0	274.0	47.0	72.0	18.0	22.0	7.0	16.0	24.0	51.0	20.0	17.0	20.0	27.0	17.0	16.0	71.0	51.0	12.0	27.0	18.0	50.0	42.0	37.0	27.0	68.0
k__Bacteria;p__WPS-2;c__	0.0	0.0	0.0	0.0	0.0	0.0	0.0	0.0	0.0	0.0	1.0	0.0	0.0	0.0	1.0	0.0	0.0	1.0	0.0	0.0	0.0	0.0	0.0	0.0	5.0	1.0	0.0	0.0	1.0	2.0	0.0	0.0	0.0	0.0	3.0	0.0	0.0	0.0	1.0	1.0	0.0	0.0	1.0	0.0	0.0	0.0	0.0	0.0	0.0	0.0	0.0	0.0	0.0	0.0	0.0	0.0	0.0	0.0	0.0	0.0	0.0	0.0	0.0	0.0	0.0	0.0	0.0	0.0	3.0	0.0	7.0	0.0	0.0	0.0	0.0	1.0	0.0	0.0	1.0	0.0	0.0	0.0	0.0	1.0	0.0	0.0	0.0	0.0	0.0	3.0	0.0	2.0	0.0	0.0	0.0	0.0	0.0	3.0	0.0	0.0	0.0	0.0	0.0	0.0	0.0	0.0	0.0	1.0	1.0	0.0	0.0	0.0	0.0	0.0	0.0	0.0	0.0	0.0	0.0	0.0	3.0	0.0	0.0	0.0	0.0	0.0	0.0	0.0	0.0	0.0	0.0	0.0	0.0
k__Bacteria;p__WS3;c__PRR-12	0.0	0.0	0.0	0.0	0.0	0.0	0.0	0.0	0.0	0.0	0.0	0.0	1.0	0.0	0.0	0.0	0.0	0.0	0.0	0.0	0.0	0.0	1.0	0.0	0.0	0.0	2.0	0.0	0.0	0.0	11.0	0.0	0.0	0.0	0.0	0.0	0.0	0.0	1.0	0.0	0.0	0.0	0.0	0.0	0.0	0.0	0.0	0.0	0.0	0.0	0.0	0.0	0.0	0.0	0.0	0.0	1.0	0.0	2.0	0.0	0.0	0.0	0.0	0.0	0.0	0.0	0.0	3.0	0.0	0.0	5.0	0.0	0.0	0.0	0.0	1.0	0.0	0.0	0.0	0.0	0.0	0.0	0.0	0.0	0.0	0.0	0.0	0.0	0.0	0.0	0.0	0.0	0.0	0.0	0.0	0.0	0.0	0.0	2.0	0.0	0.0	0.0	0.0	0.0	0.0	0.0	0.0	1.0	0.0	0.0	0.0	0.0	0.0	0.0	0.0	0.0	0.0	0.0	0.0	0.0	0.0	0.0	0.0	0.0	0.0	0.0	0.0	0.0	0.0	0.0	0.0	0.0	0.0
k__Bacteria;p__ZB2;c__	0.0	0.0	0.0	0.0	0.0	0.0	0.0	0.0	0.0	0.0	0.0	0.0	1.0	0.0	0.0	0.0	0.0	0.0	0.0	0.0	0.0	0.0	0.0	0.0	0.0	0.0	0.0	0.0	0.0	0.0	0.0	0.0	0.0	0.0	0.0	0.0	0.0	0.0	0.0	0.0	0.0	0.0	0.0	0.0	0.0	0.0	0.0	0.0	0.0	0.0	0.0	0.0	0.0	0.0	0.0	0.0	0.0	0.0	0.0	0.0	0.0	0.0	0.0	0.0	0.0	0.0	0.0	0.0	0.0	0.0	0.0	0.0	0.0	0.0	0.0	0.0	0.0	0.0	0.0	0.0	0.0	0.0	0.0	0.0	0.0	0.0	0.0	0.0	0.0	0.0	0.0	0.0	0.0	0.0	0.0	0.0	0.0	0.0	0.0	0.0	0.0	0.0	0.0	0.0	0.0	0.0	0.0	0.0	0.0	0.0	0.0	0.0	0.0	0.0	0.0	0.0	0.0	0.0	0.0	0.0	0.0	0.0	0.0	0.0	0.0	0.0	0.0	0.0	0.0	0.0	0.0	0.0	0.0