# QIIME v1.2.1 OTU table
#OTU ID	0	1	2	3	4	5	6	8	9	10	11	12	13	14	15	16	17	18	19	20	21	22	23	24	25	26	27	28	29	30	31	42	43	44	45	46	47	49	50	51	53	54	55	56	57	58	59	60	61	62	71	72	81	82	83	84	91	92	93	95	96	98	99	100	101	102	103	104	112	113	114	115	116	117	118	119	120	121	122	123	124	125	126	127	128	129	130	131	132	133	134	135	136	137	138	139	140	141	142	143	144	145	146	147	148	149	150	151	152	153	155	157	158	159	160	161	166	170	171	172	173	174	175	176	177	178	179	180	181	182	183	184	185
k__Archaea;p__Crenarchaeota	1.0	8.0	0.0	1.0	4.0	1.0	2.0	2.0	0.0	2.0	2.0	0.0	2.0	3.0	0.0	17.0	3.0	5.0	1.0	0.0	1.0	1.0	1.0	0.0	3.0	10.0	4.0	4.0	0.0	0.0	0.0	1.0	1.0	2.0	2.0	2.0	4.0	3.0	2.0	0.0	1.0	5.0	0.0	2.0	0.0	0.0	2.0	3.0	0.0	0.0	1.0	0.0	11.0	12.0	10.0	0.0	0.0	3.0	5.0	10.0	7.0	1.0	0.0	10.0	2.0	19.0	4.0	1.0	9.0	4.0	5.0	11.0	9.0	11.0	2.0	1.0	36.0	4.0	1.0	2.0	3.0	0.0	3.0	4.0	7.0	4.0	3.0	8.0	1.0	6.0	0.0	0.0	4.0	7.0	9.0	3.0	5.0	9.0	2.0	4.0	4.0	7.0	7.0	3.0	2.0	2.0	2.0	23.0	1.0	11.0	12.0	16.0	3.0	3.0	6.0	2.0	2.0	1.0	2.0	3.0	3.0	0.0	3.0	7.0	14.0	6.0	3.0	5.0	4.0	2.0	8.0	5.0	5.0
k__Archaea;p__Euryarchaeota	0.0	0.0	0.0	0.0	0.0	0.0	0.0	0.0	0.0	0.0	0.0	0.0	0.0	0.0	0.0	0.0	0.0	0.0	0.0	0.0	0.0	0.0	0.0	0.0	0.0	0.0	0.0	0.0	0.0	0.0	5.0	0.0	0.0	0.0	0.0	0.0	0.0	0.0	0.0	0.0	0.0	0.0	0.0	0.0	0.0	0.0	0.0	0.0	0.0	0.0	0.0	0.0	1.0	0.0	0.0	0.0	0.0	0.0	0.0	0.0	0.0	0.0	0.0	0.0	0.0	0.0	0.0	0.0	0.0	0.0	0.0	0.0	0.0	0.0	0.0	0.0	0.0	0.0	0.0	0.0	0.0	0.0	0.0	1.0	0.0	0.0	0.0	0.0	0.0	0.0	0.0	0.0	0.0	0.0	0.0	0.0	0.0	0.0	0.0	0.0	0.0	0.0	0.0	0.0	0.0	0.0	0.0	0.0	1.0	0.0	0.0	0.0	0.0	0.0	1.0	0.0	0.0	0.0	0.0	0.0	0.0	0.0	0.0	0.0	0.0	0.0	1.0	0.0	0.0	0.0	0.0	0.0	0.0
k__Bacteria;p__	0.0	0.0	0.0	0.0	0.0	0.0	0.0	0.0	0.0	0.0	0.0	0.0	0.0	0.0	0.0	0.0	0.0	0.0	0.0	0.0	0.0	0.0	0.0	0.0	0.0	0.0	0.0	0.0	0.0	0.0	0.0	0.0	0.0	0.0	0.0	0.0	0.0	0.0	0.0	0.0	0.0	0.0	0.0	0.0	0.0	0.0	0.0	0.0	0.0	0.0	0.0	0.0	0.0	0.0	0.0	0.0	0.0	0.0	0.0	0.0	0.0	0.0	0.0	0.0	0.0	0.0	0.0	0.0	0.0	0.0	0.0	0.0	0.0	0.0	0.0	0.0	0.0	0.0	0.0	0.0	0.0	0.0	0.0	0.0	0.0	0.0	0.0	0.0	0.0	0.0	0.0	0.0	0.0	0.0	0.0	0.0	0.0	0.0	0.0	0.0	0.0	0.0	0.0	0.0	0.0	0.0	0.0	0.0	0.0	0.0	0.0	0.0	0.0	0.0	0.0	0.0	0.0	0.0	0.0	0.0	0.0	0.0	0.0	0.0	0.0	0.0	0.0	0.0	0.0	0.0	0.0	0.0	0.0
k__Bacteria;p__ABY1_OD1	0.0	0.0	0.0	0.0	0.0	0.0	0.0	0.0	0.0	0.0	0.0	0.0	0.0	0.0	0.0	0.0	0.0	0.0	0.0	0.0	0.0	0.0	0.0	0.0	0.0	0.0	0.0	0.0	0.0	0.0	0.0	0.0	0.0	0.0	0.0	0.0	0.0	0.0	0.0	0.0	0.0	0.0	0.0	0.0	0.0	0.0	0.0	0.0	0.0	0.0	0.0	0.0	0.0	0.0	0.0	0.0	0.0	0.0	0.0	0.0	0.0	0.0	0.0	0.0	0.0	0.0	0.0	0.0	0.0	0.0	0.0	0.0	0.0	0.0	0.0	0.0	0.0	0.0	0.0	0.0	0.0	0.0	0.0	0.0	0.0	0.0	0.0	0.0	0.0	0.0	0.0	0.0	0.0	0.0	0.0	0.0	0.0	0.0	0.0	0.0	0.0	0.0	0.0	0.0	0.0	0.0	0.0	0.0	0.0	0.0	0.0	0.0	0.0	0.0	0.0	0.0	0.0	0.0	0.0	0.0	0.0	0.0	0.0	0.0	0.0	0.0	0.0	0.0	0.0	0.0	0.0	0.0	0.0
k__Bacteria;p__AD3	0.0	0.0	0.0	0.0	0.0	0.0	0.0	0.0	0.0	0.0	0.0	0.0	0.0	0.0	0.0	0.0	0.0	0.0	0.0	0.0	0.0	0.0	0.0	0.0	0.0	0.0	0.0	0.0	0.0	0.0	0.0	0.0	0.0	0.0	0.0	0.0	0.0	0.0	0.0	0.0	0.0	0.0	0.0	0.0	0.0	0.0	0.0	0.0	0.0	0.0	0.0	0.0	0.0	0.0	0.0	0.0	0.0	0.0	0.0	0.0	0.0	0.0	0.0	0.0	0.0	0.0	0.0	0.0	0.0	0.0	0.0	0.0	0.0	0.0	0.0	0.0	0.0	0.0	0.0	0.0	0.0	0.0	0.0	0.0	0.0	0.0	0.0	0.0	0.0	0.0	0.0	0.0	0.0	0.0	0.0	0.0	0.0	0.0	0.0	0.0	0.0	0.0	0.0	0.0	0.0	0.0	0.0	0.0	0.0	0.0	0.0	0.0	0.0	0.0	0.0	0.0	0.0	0.0	0.0	0.0	0.0	0.0	0.0	0.0	0.0	0.0	0.0	0.0	0.0	0.0	0.0	0.0	0.0
k__Bacteria;p__Acidobacteria	14.0	15.0	10.0	5.0	56.0	27.0	26.0	22.0	5.0	29.0	11.0	4.0	16.0	16.0	8.0	25.0	7.0	32.0	9.0	21.0	15.0	6.0	3.0	29.0	18.0	50.0	28.0	11.0	10.0	19.0	8.0	12.0	14.0	7.0	19.0	7.0	33.0	13.0	17.0	6.0	40.0	429.0	8.0	18.0	0.0	14.0	11.0	17.0	19.0	3.0	10.0	16.0	56.0	55.0	26.0	24.0	3.0	36.0	39.0	67.0	16.0	8.0	4.0	31.0	12.0	101.0	11.0	32.0	60.0	15.0	15.0	65.0	17.0	68.0	7.0	5.0	139.0	48.0	9.0	26.0	21.0	7.0	41.0	43.0	44.0	37.0	39.0	31.0	14.0	19.0	22.0	5.0	25.0	34.0	34.0	15.0	38.0	43.0	22.0	14.0	30.0	8.0	36.0	10.0	6.0	22.0	16.0	70.0	43.0	58.0	51.0	34.0	10.0	23.0	49.0	14.0	12.0	17.0	12.0	23.0	47.0	5.0	24.0	22.0	40.0	16.0	25.0	24.0	39.0	13.0	15.0	22.0	25.0
k__Bacteria;p__Actinobacteria	1260.0	2014.0	1070.0	1827.0	962.0	1739.0	2018.0	825.0	621.0	1350.0	1658.0	2403.0	1843.0	1712.0	1534.0	1527.0	2266.0	1511.0	3234.0	1568.0	2773.0	1334.0	2883.0	955.0	896.0	1451.0	1835.0	2704.0	4204.0	1504.0	3082.0	2116.0	2033.0	685.0	1230.0	2087.0	1143.0	880.0	911.0	1240.0	1494.0	1309.0	701.0	1216.0	1731.0	912.0	1236.0	1036.0	1676.0	3222.0	2459.0	868.0	1341.0	2488.0	1524.0	1311.0	3046.0	1608.0	2213.0	1335.0	1445.0	1861.0	1694.0	752.0	2942.0	1936.0	703.0	1388.0	2004.0	1852.0	1051.0	1417.0	1353.0	1998.0	2802.0	2496.0	2273.0	1484.0	791.0	1181.0	896.0	1779.0	1217.0	1523.0	1833.0	1677.0	1430.0	1296.0	1231.0	1228.0	1199.0	4222.0	804.0	1303.0	1708.0	1037.0	789.0	673.0	1224.0	615.0	1458.0	2344.0	1000.0	810.0	590.0	1572.0	776.0	1775.0	1280.0	1601.0	1422.0	1795.0	790.0	1014.0	2210.0	1167.0	619.0	832.0	882.0	2265.0	1456.0	1016.0	839.0	1056.0	1086.0	864.0	1605.0	1308.0	824.0	1346.0	1173.0	1133.0	1221.0
k__Bacteria;p__Aquificae	0.0	0.0	0.0	0.0	0.0	0.0	0.0	0.0	0.0	0.0	0.0	0.0	0.0	0.0	0.0	0.0	0.0	0.0	0.0	0.0	0.0	0.0	0.0	0.0	0.0	0.0	0.0	0.0	0.0	0.0	0.0	0.0	0.0	18.0	0.0	0.0	0.0	0.0	0.0	0.0	0.0	0.0	0.0	0.0	0.0	0.0	0.0	0.0	0.0	0.0	0.0	0.0	0.0	0.0	0.0	0.0	0.0	0.0	0.0	0.0	0.0	0.0	0.0	0.0	0.0	0.0	0.0	0.0	0.0	0.0	0.0	0.0	0.0	0.0	0.0	0.0	0.0	0.0	0.0	0.0	0.0	0.0	0.0	0.0	0.0	0.0	0.0	0.0	0.0	0.0	0.0	1.0	0.0	0.0	0.0	0.0	0.0	0.0	0.0	0.0	0.0	0.0	0.0	0.0	0.0	0.0	0.0	0.0	0.0	0.0	0.0	0.0	0.0	0.0	0.0	0.0	0.0	0.0	0.0	0.0	0.0	0.0	0.0	0.0	0.0	0.0	0.0	0.0	0.0	0.0	0.0	0.0	0.0
k__Bacteria;p__BRC1	0.0	0.0	0.0	0.0	0.0	0.0	0.0	0.0	0.0	0.0	0.0	0.0	1.0	0.0	0.0	0.0	0.0	0.0	0.0	0.0	2.0	1.0	0.0	0.0	0.0	1.0	0.0	0.0	2.0	0.0	0.0	0.0	0.0	0.0	0.0	0.0	0.0	0.0	2.0	0.0	1.0	0.0	0.0	0.0	0.0	0.0	0.0	0.0	0.0	0.0	2.0	0.0	1.0	0.0	2.0	0.0	0.0	0.0	1.0	0.0	2.0	0.0	0.0	0.0	0.0	1.0	0.0	1.0	0.0	0.0	0.0	1.0	0.0	1.0	0.0	0.0	0.0	0.0	1.0	0.0	0.0	0.0	1.0	0.0	2.0	0.0	0.0	0.0	0.0	0.0	0.0	0.0	0.0	0.0	0.0	1.0	0.0	0.0	0.0	0.0	0.0	0.0	0.0	0.0	0.0	0.0	0.0	4.0	0.0	0.0	0.0	1.0	0.0	0.0	0.0	1.0	0.0	0.0	0.0	0.0	0.0	0.0	0.0	0.0	0.0	0.0	1.0	0.0	3.0	0.0	0.0	1.0	2.0
k__Bacteria;p__Bacteroidetes	417.0	372.0	248.0	302.0	483.0	406.0	413.0	284.0	153.0	301.0	662.0	381.0	383.0	443.0	488.0	388.0	303.0	565.0	490.0	702.0	627.0	573.0	490.0	740.0	1071.0	707.0	371.0	597.0	545.0	352.0	370.0	382.0	313.0	1077.0	234.0	432.0	407.0	675.0	441.0	230.0	405.0	422.0	417.0	467.0	150.0	459.0	542.0	613.0	322.0	315.0	307.0	799.0	590.0	400.0	604.0	210.0	145.0	340.0	931.0	378.0	497.0	112.0	518.0	545.0	301.0	498.0	171.0	420.0	456.0	538.0	861.0	548.0	1378.0	500.0	335.0	275.0	688.0	767.0	1373.0	869.0	842.0	1374.0	1093.0	517.0	573.0	670.0	967.0	477.0	506.0	375.0	1312.0	607.0	1314.0	1192.0	529.0	1064.0	736.0	495.0	494.0	174.0	533.0	367.0	413.0	713.0	194.0	435.0	257.0	642.0	666.0	320.0	509.0	710.0	434.0	1033.0	594.0	1559.0	1370.0	1009.0	536.0	311.0	479.0	1137.0	636.0	1075.0	681.0	304.0	625.0	435.0	493.0	531.0	1038.0	770.0	534.0
k__Bacteria;p__CCM11b	1.0	0.0	0.0	0.0	0.0	0.0	0.0	0.0	0.0	0.0	0.0	0.0	0.0	0.0	0.0	0.0	0.0	0.0	0.0	0.0	0.0	0.0	0.0	0.0	0.0	0.0	0.0	0.0	0.0	0.0	0.0	0.0	0.0	0.0	0.0	0.0	0.0	0.0	0.0	0.0	0.0	0.0	0.0	0.0	0.0	0.0	0.0	0.0	0.0	0.0	0.0	0.0	0.0	0.0	0.0	0.0	0.0	0.0	1.0	0.0	0.0	0.0	0.0	0.0	0.0	0.0	0.0	0.0	0.0	0.0	0.0	0.0	0.0	0.0	0.0	0.0	0.0	0.0	0.0	0.0	0.0	0.0	0.0	0.0	0.0	0.0	0.0	0.0	0.0	0.0	0.0	0.0	0.0	0.0	1.0	2.0	0.0	0.0	0.0	0.0	0.0	0.0	0.0	0.0	0.0	0.0	0.0	0.0	0.0	0.0	0.0	0.0	0.0	0.0	0.0	0.0	0.0	0.0	0.0	0.0	0.0	0.0	0.0	0.0	0.0	0.0	0.0	0.0	0.0	0.0	0.0	0.0	0.0
k__Bacteria;p__Caldithrix_KSB1	0.0	0.0	0.0	0.0	0.0	0.0	0.0	0.0	0.0	0.0	0.0	0.0	0.0	0.0	0.0	0.0	0.0	0.0	0.0	0.0	0.0	0.0	0.0	0.0	0.0	0.0	0.0	0.0	0.0	0.0	0.0	0.0	0.0	0.0	0.0	0.0	0.0	0.0	0.0	0.0	0.0	0.0	0.0	0.0	0.0	0.0	0.0	0.0	0.0	0.0	0.0	0.0	0.0	0.0	0.0	0.0	0.0	0.0	0.0	0.0	0.0	0.0	0.0	0.0	0.0	0.0	0.0	0.0	0.0	0.0	0.0	0.0	0.0	0.0	0.0	0.0	0.0	0.0	0.0	0.0	0.0	0.0	0.0	0.0	0.0	0.0	0.0	0.0	0.0	0.0	0.0	0.0	0.0	0.0	0.0	0.0	0.0	0.0	0.0	0.0	0.0	0.0	0.0	0.0	0.0	0.0	0.0	0.0	0.0	0.0	0.0	0.0	0.0	0.0	0.0	0.0	0.0	0.0	0.0	0.0	0.0	0.0	0.0	0.0	0.0	0.0	0.0	0.0	0.0	0.0	0.0	0.0	0.0
k__Bacteria;p__Chlamydiae	0.0	0.0	0.0	0.0	0.0	0.0	0.0	0.0	0.0	0.0	0.0	0.0	0.0	0.0	0.0	0.0	0.0	0.0	0.0	0.0	0.0	0.0	0.0	0.0	0.0	0.0	0.0	0.0	0.0	0.0	0.0	0.0	0.0	0.0	0.0	0.0	0.0	0.0	0.0	0.0	0.0	0.0	0.0	0.0	0.0	0.0	0.0	0.0	0.0	0.0	0.0	0.0	0.0	0.0	0.0	0.0	0.0	0.0	0.0	0.0	0.0	0.0	0.0	0.0	0.0	0.0	0.0	0.0	0.0	0.0	0.0	0.0	0.0	0.0	0.0	0.0	0.0	0.0	0.0	0.0	0.0	0.0	0.0	0.0	0.0	0.0	0.0	0.0	0.0	0.0	1.0	0.0	0.0	0.0	0.0	0.0	0.0	0.0	0.0	0.0	0.0	0.0	0.0	0.0	0.0	0.0	0.0	0.0	0.0	0.0	0.0	0.0	0.0	0.0	0.0	0.0	0.0	0.0	0.0	0.0	0.0	0.0	0.0	0.0	0.0	0.0	0.0	0.0	0.0	0.0	0.0	0.0	0.0
k__Bacteria;p__Chlorobi	0.0	0.0	0.0	0.0	0.0	0.0	0.0	0.0	0.0	0.0	0.0	0.0	0.0	0.0	0.0	0.0	0.0	0.0	0.0	0.0	0.0	0.0	0.0	0.0	0.0	0.0	0.0	0.0	0.0	0.0	0.0	0.0	0.0	0.0	0.0	0.0	0.0	0.0	0.0	0.0	0.0	0.0	0.0	0.0	0.0	0.0	0.0	0.0	0.0	0.0	0.0	0.0	0.0	0.0	0.0	0.0	0.0	0.0	2.0	0.0	0.0	0.0	0.0	0.0	0.0	1.0	0.0	0.0	0.0	0.0	0.0	2.0	0.0	0.0	0.0	0.0	0.0	0.0	0.0	0.0	0.0	0.0	0.0	0.0	0.0	0.0	0.0	0.0	0.0	0.0	0.0	0.0	0.0	0.0	0.0	1.0	1.0	0.0	0.0	0.0	0.0	0.0	0.0	0.0	0.0	0.0	0.0	1.0	0.0	0.0	0.0	0.0	0.0	0.0	0.0	0.0	0.0	0.0	0.0	0.0	0.0	1.0	0.0	0.0	0.0	0.0	0.0	0.0	0.0	0.0	0.0	0.0	0.0
k__Bacteria;p__Chloroflexi	9.0	20.0	39.0	3.0	10.0	9.0	14.0	16.0	9.0	20.0	10.0	7.0	9.0	18.0	16.0	26.0	8.0	21.0	8.0	18.0	19.0	10.0	7.0	2.0	11.0	33.0	12.0	22.0	15.0	9.0	13.0	13.0	9.0	8.0	18.0	5.0	15.0	22.0	32.0	3.0	12.0	16.0	5.0	17.0	3.0	22.0	8.0	17.0	25.0	1.0	4.0	12.0	50.0	32.0	21.0	14.0	8.0	39.0	47.0	37.0	21.0	2.0	2.0	14.0	4.0	46.0	7.0	19.0	30.0	9.0	11.0	33.0	13.0	39.0	2.0	6.0	75.0	23.0	7.0	22.0	7.0	5.0	22.0	23.0	29.0	11.0	18.0	30.0	13.0	23.0	13.0	2.0	32.0	35.0	28.0	13.0	23.0	18.0	25.0	10.0	29.0	15.0	23.0	10.0	5.0	22.0	18.0	58.0	48.0	15.0	30.0	33.0	4.0	14.0	42.0	7.0	20.0	6.0	9.0	24.0	31.0	5.0	12.0	23.0	20.0	12.0	10.0	22.0	45.0	7.0	16.0	15.0	27.0
k__Bacteria;p__Cyanobacteria	448.0	99.0	109.0	62.0	575.0	76.0	113.0	975.0	2807.0	348.0	524.0	35.0	600.0	276.0	201.0	271.0	78.0	351.0	75.0	610.0	129.0	74.0	42.0	442.0	309.0	327.0	185.0	97.0	101.0	222.0	322.0	182.0	133.0	226.0	299.0	705.0	616.0	402.0	445.0	532.0	169.0	229.0	482.0	352.0	153.0	416.0	109.0	385.0	634.0	73.0	43.0	633.0	298.0	183.0	342.0	631.0	960.0	865.0	723.0	235.0	143.0	15.0	168.0	64.0	176.0	496.0	121.0	938.0	242.0	78.0	107.0	117.0	409.0	269.0	86.0	46.0	293.0	507.0	80.0	234.0	280.0	63.0	292.0	420.0	102.0	570.0	125.0	427.0	849.0	1288.0	307.0	56.0	144.0	508.0	368.0	378.0	320.0	286.0	543.0	494.0	341.0	124.0	351.0	454.0	859.0	737.0	449.0	284.0	154.0	468.0	445.0	308.0	1106.0	397.0	726.0	104.0	280.0	741.0	828.0	474.0	551.0	180.0	1206.0	685.0	56.0	1154.0	623.0	337.0	1235.0	197.0	865.0	774.0	672.0
k__Bacteria;p__Deferribacteres	0.0	0.0	0.0	0.0	0.0	0.0	0.0	0.0	0.0	0.0	0.0	0.0	0.0	0.0	0.0	0.0	0.0	0.0	0.0	0.0	2.0	0.0	0.0	0.0	0.0	0.0	0.0	0.0	1.0	0.0	2.0	0.0	0.0	0.0	0.0	0.0	0.0	0.0	0.0	0.0	0.0	0.0	0.0	3.0	0.0	0.0	1.0	0.0	1.0	0.0	0.0	0.0	1.0	0.0	0.0	0.0	0.0	0.0	5.0	0.0	0.0	0.0	0.0	0.0	0.0	0.0	0.0	0.0	0.0	0.0	0.0	0.0	0.0	0.0	0.0	0.0	0.0	0.0	0.0	1.0	0.0	0.0	0.0	0.0	0.0	0.0	0.0	2.0	0.0	0.0	0.0	0.0	0.0	0.0	2.0	1.0	1.0	0.0	0.0	0.0	0.0	0.0	1.0	0.0	0.0	0.0	0.0	1.0	1.0	0.0	1.0	0.0	0.0	0.0	0.0	0.0	0.0	0.0	0.0	0.0	0.0	0.0	0.0	1.0	0.0	0.0	0.0	0.0	0.0	0.0	0.0	0.0	0.0
k__Bacteria;p__Elusimicrobia	0.0	0.0	0.0	0.0	0.0	0.0	0.0	0.0	0.0	0.0	0.0	0.0	0.0	0.0	0.0	0.0	0.0	0.0	0.0	0.0	0.0	0.0	0.0	0.0	0.0	0.0	0.0	0.0	0.0	0.0	0.0	0.0	0.0	0.0	0.0	0.0	0.0	0.0	0.0	0.0	0.0	0.0	0.0	0.0	0.0	0.0	0.0	0.0	0.0	0.0	0.0	0.0	0.0	0.0	0.0	0.0	0.0	0.0	0.0	0.0	0.0	0.0	0.0	0.0	0.0	0.0	0.0	0.0	0.0	0.0	0.0	0.0	0.0	0.0	0.0	0.0	0.0	0.0	0.0	0.0	0.0	0.0	0.0	0.0	0.0	0.0	0.0	0.0	0.0	0.0	0.0	0.0	0.0	0.0	0.0	0.0	0.0	0.0	0.0	0.0	0.0	0.0	0.0	0.0	0.0	0.0	0.0	0.0	1.0	0.0	0.0	0.0	0.0	0.0	0.0	0.0	0.0	0.0	0.0	0.0	0.0	0.0	0.0	0.0	0.0	0.0	0.0	0.0	0.0	0.0	0.0	0.0	0.0
k__Bacteria;p__Fibrobacteres	0.0	0.0	0.0	0.0	0.0	0.0	0.0	0.0	0.0	0.0	0.0	0.0	0.0	0.0	0.0	0.0	0.0	0.0	0.0	0.0	0.0	0.0	0.0	0.0	0.0	0.0	0.0	0.0	0.0	0.0	0.0	0.0	0.0	0.0	0.0	0.0	0.0	0.0	0.0	0.0	0.0	0.0	0.0	0.0	0.0	0.0	0.0	0.0	0.0	0.0	0.0	0.0	0.0	0.0	0.0	0.0	0.0	0.0	0.0	0.0	0.0	0.0	0.0	0.0	0.0	0.0	0.0	0.0	0.0	0.0	0.0	0.0	0.0	0.0	0.0	0.0	0.0	0.0	0.0	0.0	0.0	0.0	0.0	0.0	0.0	0.0	0.0	0.0	0.0	0.0	0.0	0.0	0.0	0.0	0.0	0.0	0.0	0.0	0.0	0.0	0.0	0.0	0.0	0.0	0.0	0.0	0.0	0.0	0.0	0.0	0.0	0.0	0.0	0.0	0.0	0.0	0.0	0.0	0.0	0.0	0.0	0.0	0.0	0.0	0.0	0.0	0.0	0.0	0.0	0.0	0.0	0.0	0.0
k__Bacteria;p__Firmicutes	1502.0	1262.0	2313.0	3310.0	2191.0	2480.0	4661.0	3221.0	2054.0	2742.0	1449.0	5338.0	3496.0	2950.0	3261.0	1679.0	2404.0	2068.0	2820.0	1613.0	3109.0	1930.0	3755.0	2221.0	1721.0	2325.0	2751.0	2602.0	3483.0	3808.0	3093.0	1568.0	3080.0	2029.0	2565.0	3187.0	1595.0	1656.0	1653.0	2354.0	1817.0	1594.0	1216.0	2074.0	3257.0	2158.0	2099.0	1599.0	2068.0	4050.0	2966.0	3150.0	2142.0	2121.0	1598.0	1744.0	1558.0	1625.0	2057.0	2802.0	3666.0	4243.0	5350.0	1970.0	3497.0	2523.0	1432.0	2221.0	1967.0	3296.0	3080.0	1997.0	1953.0	2315.0	5182.0	3433.0	1608.0	1894.0	2336.0	2087.0	2186.0	2635.0	2107.0	1857.0	1839.0	3981.0	2269.0	1638.0	3092.0	1255.0	3109.0	4105.0	1781.0	1411.0	1820.0	2081.0	1563.0	1828.0	2383.0	2184.0	2168.0	2191.0	1464.0	1662.0	1185.0	2017.0	2720.0	1727.0	1000.0	1901.0	1803.0	2721.0	2082.0	1043.0	2459.0	551.0	538.0	1218.0	3375.0	1856.0	2036.0	2811.0	1089.0	1157.0	1198.0	1372.0	1829.0	1584.0	570.0	2036.0	1743.0	2543.0	2078.0
k__Bacteria;p__Fusobacteria	151.0	132.0	71.0	118.0	129.0	71.0	56.0	54.0	27.0	75.0	196.0	71.0	115.0	164.0	110.0	47.0	96.0	96.0	70.0	83.0	213.0	1166.0	173.0	206.0	208.0	51.0	99.0	350.0	201.0	113.0	150.0	84.0	30.0	73.0	51.0	97.0	655.0	671.0	330.0	116.0	248.0	667.0	1314.0	1109.0	196.0	706.0	1069.0	872.0	552.0	311.0	126.0	650.0	517.0	351.0	509.0	186.0	62.0	556.0	585.0	390.0	285.0	49.0	125.0	514.0	132.0	178.0	1268.0	332.0	195.0	86.0	232.0	204.0	387.0	160.0	112.0	85.0	91.0	208.0	250.0	169.0	66.0	102.0	133.0	155.0	113.0	231.0	400.0	245.0	89.0	86.0	302.0	283.0	137.0	179.0	154.0	564.0	255.0	105.0	147.0	45.0	166.0	58.0	109.0	69.0	21.0	63.0	62.0	54.0	16.0	53.0	112.0	176.0	72.0	24.0	95.0	20.0	15.0	40.0	75.0	65.0	72.0	117.0	99.0	118.0	94.0	53.0	113.0	92.0	41.0	79.0	94.0	84.0	67.0
k__Bacteria;p__GN02	0.0	0.0	0.0	0.0	0.0	0.0	0.0	0.0	0.0	0.0	0.0	0.0	0.0	0.0	0.0	0.0	0.0	0.0	0.0	0.0	0.0	0.0	0.0	0.0	0.0	0.0	0.0	0.0	0.0	0.0	0.0	0.0	0.0	0.0	0.0	0.0	0.0	0.0	0.0	0.0	0.0	0.0	0.0	0.0	0.0	0.0	0.0	0.0	0.0	0.0	0.0	0.0	0.0	0.0	0.0	0.0	0.0	0.0	0.0	0.0	0.0	0.0	0.0	0.0	0.0	0.0	0.0	0.0	0.0	0.0	0.0	0.0	0.0	0.0	0.0	0.0	0.0	0.0	0.0	0.0	0.0	0.0	0.0	0.0	0.0	0.0	0.0	0.0	0.0	0.0	0.0	0.0	0.0	0.0	0.0	0.0	0.0	0.0	0.0	0.0	0.0	0.0	0.0	0.0	0.0	0.0	0.0	0.0	0.0	0.0	0.0	0.0	0.0	0.0	0.0	0.0	0.0	0.0	0.0	0.0	0.0	0.0	0.0	0.0	0.0	0.0	0.0	0.0	0.0	0.0	0.0	0.0	0.0
k__Bacteria;p__Gemmatimonadetes	3.0	4.0	3.0	4.0	16.0	4.0	0.0	1.0	0.0	5.0	3.0	0.0	3.0	2.0	1.0	7.0	2.0	4.0	0.0	3.0	6.0	0.0	3.0	5.0	4.0	5.0	4.0	4.0	1.0	0.0	0.0	3.0	1.0	3.0	1.0	1.0	4.0	3.0	0.0	0.0	2.0	4.0	0.0	2.0	7.0	3.0	0.0	2.0	4.0	0.0	0.0	1.0	10.0	2.0	4.0	2.0	2.0	8.0	1.0	7.0	2.0	0.0	0.0	6.0	3.0	14.0	2.0	3.0	8.0	2.0	0.0	8.0	1.0	7.0	3.0	2.0	16.0	1.0	0.0	6.0	4.0	0.0	4.0	5.0	2.0	9.0	8.0	6.0	5.0	1.0	4.0	2.0	4.0	5.0	7.0	5.0	4.0	6.0	5.0	2.0	4.0	1.0	12.0	6.0	0.0	3.0	4.0	18.0	8.0	8.0	10.0	6.0	1.0	3.0	14.0	3.0	2.0	2.0	3.0	3.0	3.0	1.0	6.0	7.0	6.0	2.0	6.0	4.0	7.0	2.0	2.0	2.0	5.0
k__Bacteria;p__Lentisphaerae	0.0	0.0	0.0	0.0	0.0	0.0	0.0	0.0	0.0	0.0	0.0	0.0	0.0	0.0	0.0	0.0	0.0	0.0	0.0	0.0	0.0	0.0	0.0	0.0	0.0	0.0	0.0	0.0	0.0	0.0	0.0	0.0	0.0	0.0	0.0	0.0	0.0	0.0	0.0	0.0	0.0	0.0	0.0	0.0	0.0	0.0	0.0	0.0	0.0	0.0	0.0	0.0	0.0	0.0	0.0	0.0	0.0	0.0	0.0	0.0	0.0	0.0	0.0	0.0	0.0	0.0	0.0	0.0	0.0	0.0	0.0	0.0	0.0	0.0	0.0	0.0	0.0	0.0	0.0	0.0	0.0	0.0	0.0	0.0	0.0	0.0	0.0	0.0	0.0	0.0	0.0	0.0	0.0	0.0	0.0	0.0	0.0	0.0	0.0	0.0	0.0	0.0	0.0	0.0	0.0	0.0	0.0	0.0	0.0	0.0	0.0	0.0	0.0	0.0	0.0	0.0	0.0	0.0	0.0	0.0	0.0	0.0	0.0	0.0	0.0	0.0	0.0	0.0	0.0	0.0	0.0	0.0	0.0
k__Bacteria;p__MVP-15	0.0	0.0	0.0	0.0	0.0	0.0	0.0	0.0	0.0	0.0	0.0	0.0	0.0	0.0	0.0	0.0	0.0	0.0	0.0	0.0	0.0	0.0	0.0	0.0	0.0	0.0	0.0	0.0	0.0	0.0	0.0	0.0	0.0	0.0	0.0	0.0	0.0	0.0	0.0	0.0	0.0	0.0	0.0	0.0	0.0	0.0	0.0	0.0	0.0	0.0	0.0	0.0	0.0	0.0	0.0	0.0	0.0	0.0	0.0	0.0	0.0	0.0	0.0	0.0	0.0	0.0	0.0	0.0	0.0	0.0	0.0	0.0	0.0	0.0	0.0	0.0	0.0	0.0	0.0	0.0	0.0	0.0	0.0	0.0	0.0	0.0	0.0	0.0	0.0	0.0	0.0	0.0	0.0	0.0	0.0	0.0	0.0	0.0	0.0	0.0	0.0	0.0	0.0	0.0	0.0	0.0	0.0	0.0	0.0	0.0	0.0	0.0	0.0	0.0	0.0	0.0	0.0	0.0	0.0	0.0	0.0	0.0	0.0	0.0	0.0	0.0	0.0	0.0	0.0	0.0	0.0	0.0	0.0
k__Bacteria;p__NC10	0.0	0.0	0.0	0.0	0.0	0.0	0.0	0.0	0.0	0.0	0.0	0.0	0.0	0.0	0.0	0.0	0.0	0.0	0.0	0.0	0.0	0.0	0.0	0.0	0.0	0.0	0.0	0.0	0.0	0.0	0.0	0.0	0.0	0.0	0.0	0.0	0.0	0.0	0.0	0.0	0.0	0.0	0.0	0.0	0.0	0.0	0.0	0.0	0.0	0.0	0.0	0.0	0.0	0.0	0.0	0.0	0.0	0.0	0.0	0.0	0.0	0.0	0.0	0.0	0.0	0.0	0.0	0.0	0.0	0.0	0.0	0.0	0.0	0.0	0.0	0.0	0.0	0.0	0.0	0.0	0.0	0.0	0.0	0.0	0.0	0.0	0.0	0.0	0.0	0.0	0.0	0.0	0.0	0.0	0.0	0.0	0.0	0.0	0.0	0.0	0.0	0.0	0.0	0.0	0.0	0.0	0.0	0.0	0.0	0.0	0.0	0.0	0.0	0.0	0.0	0.0	0.0	0.0	0.0	0.0	0.0	0.0	0.0	0.0	0.0	0.0	0.0	0.0	0.0	0.0	0.0	0.0	0.0
k__Bacteria;p__NKB19	0.0	0.0	0.0	0.0	0.0	0.0	0.0	0.0	0.0	0.0	0.0	0.0	0.0	0.0	0.0	0.0	0.0	0.0	0.0	0.0	0.0	0.0	0.0	0.0	0.0	0.0	0.0	0.0	0.0	0.0	0.0	0.0	0.0	0.0	0.0	0.0	0.0	0.0	0.0	0.0	0.0	0.0	0.0	0.0	0.0	0.0	0.0	0.0	0.0	0.0	0.0	0.0	0.0	0.0	0.0	0.0	0.0	0.0	0.0	0.0	0.0	0.0	0.0	0.0	0.0	0.0	0.0	0.0	0.0	0.0	0.0	0.0	0.0	0.0	0.0	0.0	0.0	0.0	0.0	0.0	0.0	0.0	0.0	0.0	0.0	0.0	0.0	0.0	0.0	0.0	0.0	0.0	0.0	0.0	0.0	0.0	0.0	0.0	0.0	0.0	0.0	0.0	0.0	0.0	0.0	0.0	0.0	0.0	1.0	0.0	0.0	0.0	0.0	0.0	0.0	0.0	0.0	0.0	0.0	0.0	0.0	0.0	0.0	0.0	0.0	0.0	0.0	0.0	0.0	0.0	0.0	0.0	0.0
k__Bacteria;p__Nitrospirae	0.0	1.0	0.0	0.0	5.0	0.0	2.0	0.0	0.0	0.0	0.0	1.0	0.0	0.0	0.0	0.0	0.0	0.0	1.0	0.0	1.0	2.0	0.0	0.0	1.0	0.0	0.0	0.0	0.0	0.0	0.0	3.0	0.0	0.0	0.0	0.0	0.0	0.0	0.0	0.0	2.0	0.0	0.0	0.0	0.0	0.0	0.0	0.0	2.0	0.0	1.0	0.0	0.0	2.0	2.0	1.0	0.0	1.0	3.0	4.0	0.0	0.0	0.0	0.0	0.0	1.0	0.0	2.0	4.0	0.0	1.0	2.0	1.0	0.0	0.0	0.0	2.0	0.0	0.0	2.0	0.0	1.0	1.0	0.0	3.0	2.0	3.0	2.0	0.0	2.0	0.0	0.0	0.0	1.0	1.0	2.0	1.0	3.0	3.0	1.0	0.0	0.0	0.0	0.0	1.0	1.0	1.0	5.0	1.0	0.0	0.0	0.0	1.0	1.0	0.0	0.0	1.0	1.0	0.0	0.0	0.0	0.0	1.0	1.0	0.0	1.0	2.0	0.0	1.0	0.0	1.0	1.0	2.0
k__Bacteria;p__OP10	3.0	0.0	0.0	0.0	0.0	0.0	0.0	0.0	0.0	0.0	0.0	0.0	0.0	0.0	0.0	1.0	0.0	2.0	0.0	2.0	1.0	0.0	0.0	0.0	0.0	2.0	1.0	1.0	0.0	0.0	1.0	0.0	0.0	0.0	0.0	2.0	0.0	0.0	0.0	0.0	3.0	1.0	0.0	0.0	0.0	1.0	0.0	0.0	0.0	0.0	0.0	0.0	1.0	1.0	0.0	0.0	0.0	0.0	0.0	0.0	0.0	0.0	0.0	0.0	0.0	0.0	0.0	0.0	0.0	0.0	0.0	1.0	1.0	0.0	0.0	0.0	1.0	0.0	0.0	0.0	0.0	0.0	0.0	2.0	2.0	0.0	0.0	2.0	1.0	1.0	1.0	1.0	0.0	0.0	2.0	0.0	0.0	0.0	0.0	2.0	1.0	0.0	1.0	0.0	0.0	0.0	1.0	1.0	1.0	2.0	0.0	0.0	0.0	1.0	2.0	0.0	0.0	1.0	0.0	1.0	0.0	0.0	0.0	0.0	0.0	1.0	1.0	0.0	0.0	0.0	0.0	0.0	1.0
k__Bacteria;p__OP11	0.0	0.0	0.0	0.0	0.0	0.0	0.0	0.0	0.0	0.0	0.0	0.0	0.0	0.0	0.0	0.0	0.0	0.0	0.0	0.0	0.0	0.0	0.0	0.0	0.0	0.0	0.0	0.0	0.0	0.0	0.0	0.0	0.0	0.0	0.0	0.0	0.0	0.0	0.0	0.0	0.0	0.0	0.0	0.0	0.0	0.0	0.0	0.0	0.0	0.0	0.0	0.0	0.0	0.0	0.0	0.0	0.0	0.0	0.0	0.0	0.0	0.0	0.0	0.0	0.0	0.0	0.0	0.0	0.0	0.0	0.0	0.0	0.0	0.0	0.0	0.0	0.0	0.0	0.0	0.0	0.0	0.0	0.0	0.0	0.0	0.0	0.0	0.0	0.0	0.0	0.0	0.0	0.0	0.0	0.0	0.0	0.0	0.0	0.0	0.0	0.0	0.0	0.0	0.0	0.0	0.0	0.0	0.0	0.0	0.0	0.0	0.0	0.0	0.0	0.0	0.0	0.0	0.0	0.0	0.0	0.0	0.0	0.0	0.0	0.0	0.0	0.0	0.0	0.0	0.0	0.0	0.0	0.0
k__Bacteria;p__OP3	0.0	0.0	0.0	0.0	0.0	0.0	0.0	0.0	0.0	0.0	0.0	0.0	0.0	0.0	0.0	0.0	0.0	0.0	0.0	0.0	0.0	0.0	0.0	0.0	0.0	0.0	0.0	0.0	0.0	0.0	0.0	0.0	0.0	0.0	0.0	0.0	0.0	0.0	0.0	0.0	0.0	0.0	0.0	0.0	0.0	0.0	0.0	0.0	0.0	0.0	0.0	0.0	0.0	0.0	0.0	0.0	0.0	0.0	0.0	0.0	0.0	0.0	0.0	0.0	0.0	0.0	0.0	0.0	0.0	0.0	0.0	0.0	0.0	0.0	0.0	0.0	0.0	0.0	0.0	0.0	0.0	0.0	0.0	0.0	0.0	0.0	0.0	0.0	0.0	0.0	0.0	0.0	0.0	0.0	0.0	0.0	0.0	0.0	0.0	0.0	0.0	0.0	0.0	0.0	0.0	0.0	0.0	1.0	0.0	0.0	0.0	0.0	0.0	0.0	0.0	0.0	0.0	0.0	0.0	0.0	0.0	0.0	0.0	0.0	0.0	0.0	0.0	0.0	0.0	0.0	0.0	0.0	0.0
k__Bacteria;p__OP8	0.0	0.0	0.0	0.0	0.0	0.0	0.0	0.0	0.0	0.0	0.0	0.0	0.0	0.0	0.0	0.0	0.0	0.0	0.0	0.0	0.0	0.0	0.0	0.0	0.0	0.0	0.0	0.0	0.0	0.0	0.0	0.0	0.0	0.0	0.0	0.0	0.0	0.0	0.0	0.0	0.0	0.0	0.0	0.0	0.0	0.0	0.0	0.0	0.0	0.0	0.0	0.0	0.0	0.0	0.0	0.0	0.0	0.0	0.0	0.0	0.0	0.0	0.0	0.0	0.0	0.0	0.0	0.0	0.0	0.0	0.0	0.0	0.0	0.0	0.0	0.0	0.0	0.0	0.0	0.0	0.0	0.0	0.0	0.0	0.0	0.0	0.0	0.0	0.0	0.0	0.0	0.0	0.0	0.0	0.0	0.0	0.0	0.0	0.0	0.0	0.0	0.0	0.0	0.0	0.0	0.0	0.0	0.0	0.0	0.0	0.0	0.0	0.0	0.0	0.0	0.0	0.0	0.0	0.0	0.0	0.0	0.0	0.0	0.0	0.0	0.0	0.0	0.0	0.0	0.0	0.0	0.0	0.0
k__Bacteria;p__Planctomycetes	6.0	8.0	0.0	0.0	9.0	1.0	1.0	5.0	0.0	4.0	6.0	2.0	4.0	6.0	2.0	9.0	5.0	7.0	0.0	8.0	11.0	3.0	2.0	0.0	3.0	15.0	6.0	7.0	5.0	3.0	0.0	1.0	1.0	6.0	11.0	1.0	3.0	1.0	5.0	1.0	7.0	2.0	0.0	6.0	0.0	2.0	3.0	6.0	1.0	2.0	3.0	6.0	15.0	8.0	10.0	3.0	0.0	6.0	7.0	21.0	1.0	1.0	2.0	7.0	0.0	31.0	4.0	3.0	6.0	1.0	4.0	14.0	5.0	13.0	0.0	0.0	24.0	8.0	3.0	2.0	1.0	1.0	4.0	8.0	7.0	5.0	12.0	9.0	4.0	10.0	3.0	1.0	2.0	9.0	6.0	5.0	6.0	6.0	12.0	0.0	9.0	3.0	4.0	5.0	3.0	4.0	2.0	33.0	22.0	5.0	12.0	10.0	1.0	6.0	5.0	3.0	6.0	3.0	3.0	2.0	6.0	2.0	4.0	9.0	6.0	5.0	1.0	4.0	5.0	3.0	4.0	0.0	4.0
k__Bacteria;p__Proteobacteria	1714.0	4109.0	1565.0	1842.0	2254.0	2484.0	1174.0	1297.0	2480.0	1624.0	2137.0	891.0	1573.0	1772.0	2454.0	2607.0	1401.0	2006.0	935.0	2766.0	2270.0	1632.0	1436.0	1760.0	4264.0	2541.0	2311.0	1467.0	1167.0	1476.0	2219.0	2536.0	2013.0	2098.0	2516.0	1338.0	2660.0	2475.0	2197.0	4034.0	1697.0	3417.0	1717.0	2506.0	2920.0	2370.0	1928.0	2919.0	2892.0	1138.0	2127.0	2511.0	1929.0	1628.0	2461.0	2039.0	2412.0	1753.0	1704.0	1754.0	1980.0	213.0	784.0	1708.0	781.0	2303.0	1266.0	2056.0	1529.0	1565.0	1781.0	2637.0	1515.0	1886.0	975.0	801.0	2991.0	2453.0	2237.0	2002.0	2499.0	2948.0	2209.0	1822.0	1751.0	3106.0	1732.0	2328.0	1354.0	2070.0	1488.0	1500.0	3230.0	2533.0	1645.0	1586.0	1516.0	2419.0	3067.0	3275.0	1760.0	1426.0	2032.0	2670.0	2800.0	1485.0	2933.0	2409.0	3367.0	1932.0	2245.0	1463.0	2397.0	3249.0	2662.0	4195.0	3701.0	3110.0	1483.0	1360.0	2059.0	1494.0	2925.0	3108.0	2821.0	1998.0	1999.0	2205.0	3046.0	2213.0	2397.0	2467.0	2165.0
k__Bacteria;p__SC3	0.0	0.0	0.0	0.0	0.0	0.0	0.0	0.0	0.0	0.0	0.0	0.0	0.0	0.0	0.0	0.0	0.0	0.0	0.0	0.0	0.0	0.0	0.0	0.0	0.0	0.0	0.0	0.0	0.0	0.0	0.0	0.0	0.0	0.0	0.0	0.0	0.0	0.0	0.0	0.0	0.0	0.0	0.0	0.0	0.0	0.0	0.0	0.0	0.0	0.0	0.0	0.0	0.0	0.0	0.0	0.0	0.0	0.0	0.0	0.0	0.0	0.0	0.0	0.0	0.0	0.0	0.0	0.0	0.0	0.0	0.0	0.0	0.0	0.0	0.0	0.0	0.0	0.0	0.0	0.0	0.0	0.0	0.0	0.0	0.0	0.0	0.0	0.0	0.0	0.0	0.0	0.0	0.0	0.0	0.0	0.0	0.0	0.0	0.0	0.0	0.0	0.0	0.0	0.0	0.0	0.0	0.0	0.0	0.0	0.0	0.0	0.0	0.0	0.0	0.0	0.0	0.0	0.0	0.0	0.0	0.0	0.0	0.0	0.0	0.0	0.0	0.0	0.0	0.0	0.0	0.0	0.0	0.0
k__Bacteria;p__SC4	0.0	0.0	0.0	0.0	0.0	0.0	0.0	1.0	1.0	0.0	0.0	0.0	0.0	0.0	0.0	2.0	1.0	0.0	0.0	5.0	0.0	0.0	0.0	0.0	0.0	4.0	2.0	1.0	1.0	0.0	0.0	1.0	0.0	0.0	0.0	0.0	2.0	1.0	2.0	4.0	0.0	2.0	1.0	0.0	0.0	0.0	0.0	2.0	0.0	1.0	0.0	0.0	0.0	0.0	2.0	1.0	0.0	0.0	0.0	1.0	3.0	0.0	0.0	0.0	0.0	5.0	0.0	2.0	0.0	0.0	0.0	1.0	0.0	0.0	0.0	1.0	5.0	0.0	0.0	0.0	0.0	0.0	1.0	2.0	8.0	1.0	0.0	2.0	0.0	0.0	1.0	0.0	2.0	2.0	0.0	0.0	0.0	1.0	0.0	0.0	2.0	0.0	3.0	0.0	2.0	1.0	1.0	0.0	1.0	2.0	0.0	3.0	1.0	0.0	1.0	1.0	0.0	0.0	0.0	0.0	0.0	0.0	1.0	0.0	0.0	0.0	0.0	0.0	0.0	0.0	1.0	1.0	2.0
k__Bacteria;p__SPAM	0.0	1.0	0.0	0.0	0.0	1.0	0.0	0.0	0.0	0.0	0.0	0.0	0.0	0.0	0.0	0.0	1.0	0.0	0.0	0.0	0.0	0.0	0.0	0.0	0.0	0.0	0.0	0.0	0.0	0.0	0.0	3.0	0.0	0.0	0.0	0.0	0.0	1.0	0.0	0.0	0.0	0.0	0.0	0.0	0.0	0.0	0.0	0.0	0.0	0.0	1.0	0.0	2.0	0.0	0.0	1.0	0.0	0.0	0.0	1.0	0.0	0.0	0.0	1.0	0.0	2.0	0.0	0.0	0.0	0.0	0.0	1.0	0.0	2.0	0.0	0.0	2.0	0.0	1.0	0.0	0.0	0.0	0.0	0.0	0.0	0.0	0.0	0.0	0.0	0.0	0.0	0.0	0.0	0.0	0.0	0.0	1.0	0.0	0.0	0.0	0.0	0.0	1.0	0.0	0.0	0.0	0.0	0.0	0.0	1.0	1.0	0.0	0.0	1.0	0.0	0.0	0.0	0.0	0.0	0.0	0.0	0.0	0.0	0.0	0.0	0.0	0.0	0.0	0.0	0.0	0.0	0.0	0.0
k__Bacteria;p__SR1	2.0	1.0	0.0	1.0	0.0	1.0	0.0	1.0	0.0	3.0	1.0	0.0	0.0	0.0	3.0	0.0	0.0	0.0	0.0	1.0	4.0	0.0	0.0	0.0	5.0	1.0	3.0	2.0	0.0	0.0	0.0	2.0	0.0	1.0	0.0	1.0	0.0	0.0	1.0	0.0	2.0	5.0	1.0	0.0	0.0	2.0	1.0	13.0	1.0	1.0	0.0	0.0	1.0	1.0	1.0	0.0	0.0	0.0	0.0	3.0	6.0	0.0	1.0	2.0	2.0	0.0	0.0	1.0	0.0	0.0	0.0	1.0	1.0	1.0	3.0	0.0	0.0	1.0	0.0	1.0	0.0	0.0	3.0	2.0	2.0	1.0	4.0	2.0	1.0	0.0	6.0	3.0	0.0	2.0	0.0	1.0	0.0	0.0	0.0	0.0	0.0	0.0	1.0	0.0	0.0	1.0	1.0	0.0	0.0	0.0	0.0	0.0	0.0	0.0	1.0	0.0	0.0	1.0	4.0	0.0	0.0	0.0	0.0	4.0	4.0	0.0	1.0	1.0	2.0	1.0	2.0	0.0	2.0
k__Bacteria;p__Spirochaetes	1.0	2.0	0.0	3.0	0.0	2.0	1.0	2.0	0.0	1.0	52.0	6.0	1.0	6.0	1.0	5.0	0.0	6.0	1.0	2.0	6.0	13.0	4.0	11.0	20.0	1.0	0.0	7.0	7.0	4.0	7.0	7.0	8.0	7.0	0.0	2.0	7.0	24.0	12.0	1.0	3.0	7.0	13.0	46.0	7.0	22.0	4.0	18.0	10.0	2.0	0.0	3.0	4.0	2.0	11.0	5.0	0.0	0.0	4.0	5.0	8.0	1.0	1.0	12.0	0.0	7.0	0.0	2.0	7.0	0.0	9.0	5.0	111.0	17.0	0.0	0.0	3.0	2.0	2.0	2.0	6.0	1.0	34.0	10.0	13.0	13.0	5.0	4.0	3.0	1.0	3.0	2.0	16.0	127.0	10.0	9.0	5.0	13.0	1.0	0.0	4.0	13.0	7.0	3.0	1.0	6.0	3.0	8.0	0.0	4.0	2.0	7.0	1.0	3.0	3.0	1.0	0.0	0.0	5.0	4.0	1.0	3.0	4.0	8.0	11.0	2.0	2.0	1.0	0.0	3.0	12.0	3.0	1.0
k__Bacteria;p__Synergistetes	0.0	0.0	0.0	0.0	0.0	0.0	0.0	0.0	0.0	0.0	6.0	0.0	0.0	5.0	0.0	0.0	0.0	0.0	0.0	0.0	0.0	3.0	0.0	4.0	4.0	0.0	0.0	0.0	2.0	0.0	0.0	0.0	0.0	0.0	1.0	1.0	3.0	2.0	1.0	0.0	0.0	0.0	0.0	0.0	0.0	1.0	0.0	0.0	1.0	0.0	0.0	0.0	0.0	0.0	0.0	1.0	0.0	1.0	0.0	0.0	2.0	0.0	0.0	2.0	0.0	2.0	1.0	0.0	0.0	0.0	0.0	2.0	6.0	0.0	1.0	1.0	0.0	0.0	1.0	0.0	0.0	1.0	3.0	0.0	0.0	4.0	3.0	0.0	0.0	0.0	0.0	0.0	4.0	14.0	1.0	3.0	1.0	1.0	0.0	0.0	0.0	6.0	0.0	0.0	0.0	0.0	0.0	0.0	0.0	0.0	0.0	3.0	0.0	1.0	1.0	0.0	0.0	1.0	2.0	0.0	0.0	0.0	1.0	3.0	0.0	1.0	1.0	0.0	0.0	1.0	0.0	0.0	1.0
k__Bacteria;p__TM6	0.0	0.0	0.0	0.0	0.0	0.0	0.0	0.0	0.0	0.0	0.0	0.0	0.0	0.0	0.0	0.0	0.0	0.0	0.0	0.0	0.0	0.0	0.0	0.0	0.0	0.0	0.0	0.0	0.0	0.0	0.0	0.0	0.0	0.0	0.0	0.0	0.0	0.0	0.0	0.0	0.0	0.0	0.0	0.0	0.0	0.0	0.0	0.0	0.0	0.0	0.0	0.0	0.0	0.0	0.0	0.0	0.0	0.0	0.0	0.0	0.0	0.0	0.0	0.0	0.0	0.0	0.0	0.0	0.0	0.0	0.0	0.0	0.0	0.0	0.0	0.0	0.0	0.0	0.0	0.0	0.0	0.0	0.0	0.0	0.0	0.0	0.0	0.0	0.0	0.0	0.0	0.0	0.0	0.0	0.0	0.0	0.0	0.0	0.0	0.0	0.0	0.0	0.0	0.0	0.0	0.0	0.0	0.0	0.0	0.0	0.0	0.0	0.0	0.0	0.0	0.0	0.0	0.0	0.0	0.0	0.0	0.0	0.0	0.0	0.0	0.0	0.0	0.0	0.0	0.0	0.0	0.0	0.0
k__Bacteria;p__TM7	1.0	2.0	0.0	0.0	0.0	0.0	0.0	0.0	0.0	2.0	0.0	0.0	0.0	0.0	1.0	0.0	0.0	0.0	0.0	1.0	2.0	0.0	2.0	0.0	0.0	0.0	0.0	0.0	0.0	0.0	1.0	0.0	0.0	0.0	0.0	0.0	3.0	0.0	0.0	0.0	0.0	0.0	1.0	0.0	0.0	0.0	0.0	1.0	2.0	0.0	1.0	0.0	0.0	0.0	1.0	0.0	0.0	1.0	0.0	0.0	0.0	0.0	0.0	1.0	0.0	0.0	0.0	1.0	1.0	0.0	0.0	0.0	1.0	0.0	0.0	0.0	0.0	0.0	0.0	0.0	0.0	1.0	0.0	0.0	0.0	0.0	0.0	0.0	0.0	0.0	1.0	0.0	0.0	1.0	0.0	0.0	0.0	0.0	0.0	0.0	0.0	0.0	0.0	0.0	0.0	0.0	0.0	0.0	0.0	0.0	1.0	0.0	0.0	0.0	0.0	0.0	0.0	0.0	0.0	0.0	0.0	0.0	0.0	0.0	0.0	0.0	0.0	0.0	0.0	0.0	1.0	0.0	0.0
k__Bacteria;p__Tenericutes	47.0	61.0	1.0	9.0	24.0	13.0	20.0	16.0	4.0	29.0	76.0	28.0	27.0	37.0	90.0	16.0	74.0	55.0	60.0	9.0	123.0	149.0	15.0	36.0	67.0	24.0	37.0	161.0	73.0	18.0	54.0	37.0	13.0	42.0	37.0	29.0	174.0	140.0	122.0	24.0	43.0	69.0	104.0	105.0	10.0	104.0	111.0	122.0	113.0	51.0	18.0	44.0	55.0	47.0	63.0	37.0	9.0	88.0	68.0	77.0	78.0	10.0	14.0	186.0	32.0	49.0	819.0	56.0	19.0	6.0	98.0	99.0	131.0	52.0	9.0	7.0	52.0	34.0	242.0	116.0	24.0	7.0	68.0	50.0	33.0	64.0	101.0	56.0	10.0	67.0	200.0	25.0	116.0	64.0	35.0	164.0	113.0	50.0	29.0	22.0	53.0	25.0	48.0	58.0	8.0	26.0	26.0	23.0	12.0	27.0	58.0	54.0	15.0	20.0	42.0	12.0	15.0	23.0	15.0	28.0	150.0	14.0	36.0	62.0	26.0	32.0	66.0	62.0	28.0	34.0	35.0	15.0	30.0
k__Bacteria;p__Thermi	11.0	10.0	133.0	5.0	13.0	1.0	5.0	15.0	7.0	33.0	9.0	4.0	14.0	20.0	34.0	20.0	17.0	17.0	4.0	10.0	9.0	3.0	28.0	5.0	7.0	7.0	36.0	10.0	9.0	36.0	52.0	13.0	31.0	38.0	49.0	15.0	13.0	13.0	10.0	45.0	20.0	12.0	8.0	10.0	0.0	12.0	2.0	10.0	52.0	13.0	70.0	5.0	6.0	10.0	10.0	53.0	41.0	25.0	52.0	18.0	9.0	92.0	19.0	25.0	18.0	12.0	5.0	18.0	38.0	24.0	13.0	20.0	7.0	10.0	50.0	161.0	7.0	20.0	4.0	13.0	10.0	25.0	29.0	25.0	19.0	63.0	28.0	40.0	23.0	48.0	30.0	82.0	5.0	16.0	29.0	9.0	8.0	6.0	8.0	10.0	16.0	81.0	56.0	31.0	81.0	24.0	28.0	28.0	38.0	97.0	46.0	43.0	6.0	20.0	81.0	15.0	19.0	16.0	7.0	33.0	53.0	19.0	20.0	14.0	14.0	29.0	13.0	43.0	47.0	26.0	32.0	26.0	21.0
k__Bacteria;p__Thermotogae	1.0	0.0	0.0	0.0	1.0	0.0	0.0	1.0	0.0	0.0	0.0	0.0	1.0	0.0	0.0	0.0	0.0	0.0	0.0	0.0	0.0	0.0	0.0	0.0	0.0	0.0	0.0	0.0	0.0	0.0	0.0	0.0	0.0	0.0	0.0	0.0	0.0	0.0	0.0	0.0	0.0	0.0	0.0	0.0	0.0	0.0	0.0	0.0	0.0	0.0	0.0	0.0	0.0	0.0	0.0	0.0	0.0	0.0	0.0	0.0	0.0	0.0	0.0	0.0	0.0	0.0	0.0	0.0	0.0	0.0	0.0	0.0	0.0	0.0	0.0	0.0	0.0	0.0	0.0	0.0	0.0	0.0	0.0	0.0	0.0	0.0	0.0	0.0	0.0	0.0	0.0	0.0	0.0	0.0	0.0	0.0	0.0	0.0	0.0	0.0	0.0	0.0	0.0	0.0	0.0	0.0	0.0	0.0	0.0	0.0	0.0	0.0	0.0	0.0	0.0	0.0	0.0	0.0	0.0	0.0	0.0	0.0	0.0	0.0	0.0	0.0	0.0	0.0	0.0	0.0	0.0	0.0	0.0
k__Bacteria;p__Verrucomicrobia	0.0	7.0	16.0	5.0	10.0	11.0	30.0	8.0	4.0	11.0	5.0	0.0	4.0	11.0	4.0	7.0	8.0	11.0	3.0	4.0	4.0	2.0	1.0	2.0	4.0	40.0	4.0	5.0	2.0	5.0	9.0	5.0	5.0	294.0	4.0	1.0	5.0	4.0	5.0	0.0	3.0	3.0	1.0	1.0	0.0	4.0	1.0	4.0	2.0	11.0	3.0	6.0	20.0	16.0	5.0	3.0	2.0	12.0	11.0	7.0	4.0	1.0	0.0	3.0	9.0	18.0	7.0	5.0	8.0	3.0	6.0	12.0	1.0	24.0	1.0	3.0	33.0	10.0	4.0	6.0	6.0	4.0	7.0	10.0	10.0	2.0	12.0	12.0	8.0	4.0	1.0	0.0	5.0	6.0	12.0	7.0	8.0	8.0	1.0	3.0	8.0	10.0	10.0	8.0	0.0	9.0	6.0	60.0	70.0	10.0	18.0	13.0	2.0	5.0	6.0	8.0	7.0	4.0	2.0	4.0	11.0	0.0	6.0	11.0	6.0	6.0	6.0	4.0	3.0	6.0	5.0	3.0	5.0
k__Bacteria;p__WPS-2	0.0	0.0	0.0	0.0	0.0	0.0	0.0	0.0	0.0	0.0	0.0	0.0	0.0	0.0	0.0	0.0	0.0	0.0	0.0	0.0	0.0	0.0	0.0	0.0	1.0	1.0	0.0	0.0	1.0	0.0	0.0	0.0	0.0	0.0	0.0	0.0	0.0	0.0	0.0	0.0	0.0	3.0	0.0	0.0	0.0	0.0	0.0	0.0	0.0	0.0	0.0	0.0	0.0	0.0	0.0	0.0	0.0	0.0	0.0	0.0	0.0	0.0	0.0	0.0	0.0	0.0	0.0	0.0	0.0	0.0	0.0	1.0	0.0	0.0	0.0	0.0	0.0	0.0	0.0	0.0	0.0	0.0	0.0	0.0	0.0	0.0	0.0	0.0	0.0	0.0	0.0	0.0	0.0	0.0	0.0	0.0	0.0	0.0	0.0	0.0	0.0	0.0	0.0	0.0	0.0	0.0	0.0	1.0	0.0	0.0	0.0	0.0	0.0	0.0	0.0	0.0	0.0	0.0	0.0	0.0	0.0	0.0	0.0	0.0	0.0	1.0	0.0	0.0	0.0	0.0	0.0	0.0	0.0
k__Bacteria;p__WS3	0.0	0.0	0.0	0.0	0.0	0.0	0.0	0.0	0.0	0.0	0.0	0.0	0.0	0.0	0.0	0.0	0.0	0.0	0.0	0.0	0.0	0.0	0.0	0.0	0.0	0.0	0.0	0.0	0.0	0.0	0.0	0.0	0.0	0.0	0.0	0.0	0.0	0.0	0.0	0.0	0.0	0.0	0.0	0.0	0.0	0.0	0.0	0.0	0.0	0.0	0.0	0.0	0.0	0.0	0.0	0.0	0.0	0.0	0.0	0.0	0.0	0.0	0.0	0.0	0.0	0.0	0.0	0.0	0.0	0.0	0.0	0.0	0.0	0.0	0.0	0.0	0.0	0.0	0.0	0.0	0.0	0.0	0.0	0.0	0.0	0.0	0.0	0.0	0.0	0.0	0.0	0.0	0.0	0.0	0.0	0.0	0.0	0.0	0.0	0.0	0.0	0.0	0.0	0.0	0.0	0.0	0.0	0.0	0.0	0.0	0.0	0.0	0.0	0.0	0.0	0.0	0.0	0.0	0.0	0.0	0.0	0.0	0.0	0.0	0.0	0.0	0.0	0.0	0.0	0.0	0.0	0.0	0.0
k__Bacteria;p__ZB2	0.0	0.0	0.0	0.0	0.0	0.0	0.0	0.0	0.0	0.0	0.0	0.0	0.0	0.0	0.0	0.0	0.0	0.0	0.0	0.0	0.0	0.0	0.0	0.0	0.0	0.0	0.0	0.0	0.0	0.0	0.0	0.0	0.0	0.0	0.0	0.0	0.0	0.0	0.0	0.0	0.0	0.0	0.0	0.0	0.0	0.0	0.0	0.0	0.0	0.0	0.0	0.0	0.0	0.0	0.0	0.0	0.0	0.0	0.0	0.0	0.0	0.0	0.0	0.0	0.0	0.0	0.0	0.0	0.0	0.0	0.0	0.0	0.0	0.0	0.0	0.0	0.0	0.0	0.0	0.0	0.0	0.0	0.0	0.0	0.0	0.0	0.0	0.0	0.0	0.0	0.0	0.0	0.0	0.0	0.0	0.0	0.0	0.0	0.0	0.0	0.0	0.0	0.0	0.0	0.0	0.0	0.0	0.0	0.0	0.0	0.0	0.0	0.0	0.0	0.0	0.0	0.0	0.0	0.0	0.0	0.0	0.0	0.0	0.0	0.0	0.0	0.0	0.0	0.0	0.0	0.0	0.0	0.0