0.3340575
0.08033313
0.7680743
0.6507502
0.5753208
0.5651817
0.7703374
0.8301949
0.8560811
0.09000588
0.4095114
0.3633579
0.3767237
0.4726867
0.9445939
0.235155
0.5323085
0.8036656
0.9524044
0.1708948
0.6256251
0.6142173
0.4717745
0.3615504
0.655365
0.1945321
0.4474404
0.9156959
0.7639675
0.4798454
0.1162263
0.4081011
0.5093681
0.3635164
0.5711248
0.8379152
0.4154862
0.599523
0.3027247
0.4651441
0.9805866
0.7284308
0.496812
0.2820304
0.2884381
0.1170337
0.1056303
0.5830663
0.05522548
0.1876291
0.8645126
0.8203606
0.05968939
0.7793716
0.8769649
0.9708992
0.4585035
0.03279855
0.428206
0.1303741
0.9885217
0.7818241
0.8708806
0.5447575
0.8202399
0.1201364
0.2671833
0.4051372
0.3424622
0.6589337
0.2549109
0.2353391
0.7990358
0.7744799
0.6682571
0.7981386
0.7048356
0.138868
0.9062036
0.06293858
0.6101166
0.530481
0.146474
0.3946123
0.3754632
0.4257762
0.7701048
0.2413861
0.4645029
0.4945525
0.1692931
0.5947868
0.1364935
0.2350575
0.564219
0.2296634
0.09098772
0.151019
0.240333
0.2395414
