0.4657652
0.8633276
0.145528
0.9140627
0.6612091
0.9959281
0.3674328
0.3179668
0.4650591
0.6333186
0.9065065
0.7563897
0.577179
0.4741265
0.1625049
0.9873016
0.05931911
0.7476889
0.2233254
0.5420225
0.56527
0.5182403
0.01008313
0.8257409
0.620788
0.7379155
0.9499398
0.461851
0.5694779
0.5736924
0.6589495
0.9779661
0.3376146
0.7883979
0.1674914
0.898361
0.4906845
0.0496392
0.1909561
0.9103401
0.7467556
0.8953924
0.01015398
0.2594176
0.8067343
0.2024792
0.6075775
0.9110758
0.1710168
0.1365679
0.9800586
0.08094556
0.3512778
0.7638518
0.1352714
0.05837235
0.5322115
0.1960959
0.3866852
0.1202974
0.9057545
0.3757987
0.379993
0.8501179
0.8102208
0.7798752
0.9996165
0.08654026
0.3662303
0.555681
0.3088596
0.924518
0.2120987
0.8333806
0.3999417
0.3461589
0.2791244
0.3169464
0.2245721
0.6200923
0.2538698
0.5726588
0.5691695
0.2935311
0.1232166
0.3419891
0.03583249
0.2537013
0.9981919
0.9194628
0.4992665
0.990224
0.29661
0.9718427
0.07280536
0.9764071
0.7261124
0.4950343
0.5163752
0.7038045
